# Valentine & Davies -- Global models from sparse data: A robust estimate
#                       of Earth's residual topography spectrum
#
# Spherical harmonic expansion coefficients for mean of posterior Gaussian
# Process model derived from all spot data.
#
# NB. This file contains only (the square root of) the diagonal elements of
#     the posterior covariance matrix. The full posterior covariance matrix
#     can be generated using the code accompaning this paper.
#
# l - spherical harmonic degree
# m - spherical harmonic order
# y - spherical harmonic expansion coefficient (y_i, eq. 12)
# s - standard error on coefficient (sqrt(Sigma_{ii}), eq. 12)
#
# l      m         y            s
  1     -1      0.32425       0.09722
  1      0     -0.13272       0.12275
  1      1     -0.15378       0.10058
  2     -2      0.47856       0.09770
  2     -1      0.03286       0.09689
  2      0     -0.35496       0.11297
  2      1     -0.04290       0.12383
  2      2      0.42983       0.08722
  3     -3     -0.49219       0.08684
  3     -2      0.14813       0.10832
  3     -1      0.15712       0.10168
  3      0      0.11488       0.10152
  3      1      0.06217       0.12147
  3      2     -0.35120       0.08888
  3      3     -0.02022       0.08970
  4     -4      0.06674       0.07903
  4     -3     -0.11857       0.08939
  4     -2     -0.10118       0.11267
  4     -1      0.36133       0.08830
  4      0      0.13883       0.10566
  4      1     -0.03856       0.10505
  4      2     -0.19211       0.09565
  4      3     -0.11236       0.08871
  4      4     -0.05458       0.09003
  5     -5     -0.10246       0.07900
  5     -4      0.02135       0.08123
  5     -3     -0.01152       0.09315
  5     -2     -0.13134       0.09920
  5     -1      0.25224       0.08257
  5      0     -0.07804       0.10346
  5      1     -0.05093       0.09595
  5      2     -0.19780       0.09079
  5      3     -0.27018       0.09555
  5      4     -0.28064       0.08159
  5      5     -0.13226       0.08335
  6     -6     -0.15704       0.07936
  6     -5      0.03924       0.07304
  6     -4     -0.02597       0.08161
  6     -3      0.10843       0.08808
  6     -2      0.10745       0.08656
  6     -1      0.22973       0.08285
  6      0      0.09034       0.09591
  6      1      0.05001       0.09018
  6      2     -0.07299       0.08278
  6      3     -0.19598       0.09059
  6      4     -0.09654       0.08771
  6      5     -0.07920       0.07784
  6      6     -0.18161       0.07559
  7     -7     -0.07151       0.07601
  7     -6      0.02179       0.06992
  7     -5     -0.02214       0.07520
  7     -4     -0.14987       0.08122
  7     -3      0.01233       0.07934
  7     -2      0.03930       0.07944
  7     -1      0.16804       0.08238
  7      0     -0.18679       0.08567
  7      1      0.11500       0.08684
  7      2     -0.08356       0.07375
  7      3      0.02509       0.08301
  7      4     -0.00667       0.08233
  7      5     -0.02284       0.07781
  7      6     -0.11905       0.07121
  7      7      0.15892       0.07099
  8     -8     -0.18756       0.07187
  8     -7     -0.15410       0.06892
  8     -6     -0.06085       0.07101
  8     -5     -0.02322       0.07324
  8     -4      0.07563       0.07484
  8     -3      0.11247       0.07109
  8     -2      0.03039       0.07637
  8     -1      0.05239       0.07557
  8      0     -0.20681       0.07813
  8      1      0.06716       0.08262
  8      2     -0.01712       0.06973
  8      3      0.07400       0.07300
  8      4     -0.20172       0.07759
  8      5      0.01768       0.07504
  8      6     -0.03593       0.06850
  8      7     -0.14981       0.06344
  8      8      0.10141       0.06688
  9     -9      0.09653       0.06570
  9     -8      0.00431       0.06184
  9     -7     -0.02965       0.06510
  9     -6      0.10251       0.06890
  9     -5      0.06206       0.06993
  9     -4      0.00188       0.06850
  9     -3     -0.00198       0.06552
  9     -2      0.09278       0.07165
  9     -1     -0.04273       0.07016
  9      0      0.01623       0.07206
  9      1      0.01075       0.07531
  9      2     -0.03956       0.06778
  9      3      0.04041       0.06649
  9      4      0.01857       0.06850
  9      5      0.07373       0.07061
  9      6      0.02334       0.06570
  9      7     -0.04532       0.06319
  9      8      0.05349       0.06262
  9      9     -0.04039       0.06477
 10    -10      0.07140       0.06086
 10     -9      0.08493       0.05973
 10     -8     -0.07722       0.05983
 10     -7      0.06513       0.06110
 10     -6     -0.04645       0.06519
 10     -5     -0.08477       0.06366
 10     -4      0.01678       0.06109
 10     -3     -0.02558       0.06118
 10     -2      0.01153       0.06798
 10     -1     -0.08824       0.06479
 10      0      0.03802       0.06723
 10      1     -0.01510       0.06748
 10      2     -0.10508       0.06407
 10      3     -0.01843       0.06215
 10      4     -0.02694       0.06272
 10      5     -0.04547       0.06506
 10      6      0.00738       0.06330
 10      7      0.02129       0.06184
 10      8      0.11855       0.05890
 10      9      0.05933       0.05716
 10     10      0.02155       0.06137
 11    -11     -0.06344       0.05754
 11    -10      0.05479       0.05385
 11     -9      0.08306       0.05610
 11     -8      0.01402       0.05741
 11     -7      0.03122       0.05938
 11     -6     -0.08296       0.06048
 11     -5     -0.01022       0.05871
 11     -4     -0.01868       0.05632
 11     -3      0.07280       0.05925
 11     -2     -0.05315       0.06193
 11     -1     -0.05421       0.06101
 11      0     -0.00894       0.06068
 11      1      0.01808       0.06329
 11      2     -0.09728       0.05871
 11      3      0.02658       0.05903
 11      4      0.02519       0.05631
 11      5      0.00188       0.05843
 11      6      0.00909       0.05904
 11      7      0.09117       0.05805
 11      8      0.02652       0.05564
 11      9      0.08195       0.05426
 11     10      0.01381       0.05590
 11     11      0.01998       0.05673
 12    -12     -0.04914       0.05385
 12    -11      0.02681       0.05143
 12    -10     -0.00592       0.05165
 12     -9     -0.08285       0.05354
 12     -8     -0.02269       0.05418
 12     -7     -0.02974       0.05565
 12     -6     -0.03400       0.05548
 12     -5      0.00311       0.05273
 12     -4      0.04852       0.05284
 12     -3     -0.03347       0.05524
 12     -2     -0.04848       0.05737
 12     -1     -0.02928       0.05668
 12      0     -0.02630       0.05554
 12      1     -0.01148       0.05868
 12      2      0.00644       0.05463
 12      3      0.07523       0.05513
 12      4      0.00751       0.05364
 12      5     -0.02616       0.05293
 12      6     -0.03201       0.05469
 12      7      0.04818       0.05469
 12      8      0.03955       0.05351
 12      9     -0.01083       0.05104
 12     10      0.04328       0.05126
 12     11      0.03850       0.05157
 12     12     -0.06623       0.05291
 13    -13     -0.00040       0.04931
 13    -12     -0.07152       0.04805
 13    -11      0.01202       0.04855
 13    -10     -0.01796       0.04895
 13     -9     -0.04959       0.04950
 13     -8      0.01056       0.05118
 13     -7     -0.00585       0.05159
 13     -6      0.05856       0.05038
 13     -5      0.07388       0.04872
 13     -4     -0.02312       0.05009
 13     -3     -0.02369       0.05162
 13     -2      0.01602       0.05321
 13     -1     -0.02567       0.05189
 13      0      0.01753       0.05153
 13      1     -0.03111       0.05432
 13      2      0.06103       0.05152
 13      3     -0.00666       0.05088
 13      4     -0.00648       0.05034
 13      5      0.07932       0.04922
 13      6     -0.06648       0.04960
 13      7      0.01713       0.05128
 13      8     -0.01448       0.05060
 13      9     -0.00248       0.04977
 13     10      0.00143       0.04832
 13     11      0.00937       0.04762
 13     12      0.06342       0.04858
 13     13      0.01527       0.05043
 14    -14     -0.10832       0.04628
 14    -13      0.01384       0.04441
 14    -12     -0.05153       0.04480
 14    -11     -0.02848       0.04591
 14    -10      0.04223       0.04599
 14     -9      0.01239       0.04711
 14     -8      0.01460       0.04815
 14     -7     -0.00244       0.04735
 14     -6      0.01002       0.04618
 14     -5     -0.01505       0.04554
 14     -4      0.06680       0.04721
 14     -3     -0.04847       0.04777
 14     -2      0.02528       0.04980
 14     -1     -0.02556       0.04779
 14      0     -0.00146       0.04804
 14      1      0.04963       0.05016
 14      2     -0.01324       0.04794
 14      3      0.00793       0.04791
 14      4     -0.02792       0.04688
 14      5      0.01631       0.04646
 14      6      0.04049       0.04559
 14      7      0.03135       0.04707
 14      8      0.03421       0.04749
 14      9      0.03444       0.04697
 14     10      0.05494       0.04599
 14     11      0.01297       0.04488
 14     12      0.03085       0.04523
 14     13      0.01620       0.04625
 14     14      0.00230       0.04698
 15    -15     -0.01978       0.04345
 15    -14      0.01849       0.04266
 15    -13     -0.00606       0.04153
 15    -12      0.02504       0.04262
 15    -11     -0.00555       0.04317
 15    -10     -0.03556       0.04384
 15     -9      0.03062       0.04452
 15     -8     -0.01041       0.04466
 15     -7     -0.00946       0.04338
 15     -6      0.02058       0.04308
 15     -5     -0.00930       0.04305
 15     -4     -0.00018       0.04444
 15     -3     -0.00129       0.04459
 15     -2      0.00476       0.04665
 15     -1      0.01310       0.04401
 15      0     -0.00825       0.04521
 15      1      0.00418       0.04605
 15      2     -0.02494       0.04501
 15      3     -0.02158       0.04452
 15      4      0.02607       0.04402
 15      5      0.00345       0.04323
 15      6      0.01882       0.04253
 15      7     -0.02405       0.04326
 15      8     -0.01575       0.04414
 15      9      0.02869       0.04432
 15     10      0.02257       0.04341
 15     11      0.01133       0.04244
 15     12     -0.02071       0.04236
 15     13     -0.02798       0.04287
 15     14     -0.05449       0.04246
 15     15     -0.03300       0.04386
 16    -16     -0.00146       0.04086
 16    -15      0.02264       0.03992
 16    -14      0.04730       0.03973
 16    -13      0.01828       0.03961
 16    -12      0.02914       0.04017
 16    -11      0.00625       0.04077
 16    -10     -0.00774       0.04138
 16     -9      0.02611       0.04138
 16     -8      0.00861       0.04087
 16     -7     -0.01781       0.04037
 16     -6      0.05951       0.04018
 16     -5     -0.03790       0.04094
 16     -4      0.03282       0.04134
 16     -3     -0.00854       0.04178
 16     -2     -0.02524       0.04345
 16     -1      0.01949       0.04097
 16      0     -0.03423       0.04221
 16      1     -0.01844       0.04294
 16      2      0.00179       0.04169
 16      3     -0.02628       0.04216
 16      4     -0.00254       0.04113
 16      5     -0.02784       0.04074
 16      6     -0.03503       0.03966
 16      7     -0.02612       0.04028
 16      8      0.02387       0.04094
 16      9     -0.01659       0.04188
 16     10      0.00680       0.04121
 16     11      0.01535       0.04046
 16     12     -0.00220       0.03982
 16     13      0.03266       0.04010
 16     14     -0.00930       0.03952
 16     15      0.01424       0.04007
 16     16      0.02983       0.04099
 17    -17     -0.06694       0.03838
 17    -16      0.02709       0.03772
 17    -15     -0.00306       0.03723
 17    -14     -0.00883       0.03751
 17    -13      0.02232       0.03754
 17    -12      0.00435       0.03814
 17    -11     -0.05021       0.03862
 17    -10      0.00674       0.03896
 17     -9     -0.02202       0.03860
 17     -8      0.01878       0.03803
 17     -7     -0.01016       0.03757
 17     -6     -0.04000       0.03798
 17     -5      0.01890       0.03858
 17     -4     -0.00087       0.03885
 17     -3      0.03737       0.03947
 17     -2     -0.02273       0.04022
 17     -1     -0.01907       0.03840
 17      0     -0.01316       0.03942
 17      1     -0.00475       0.04012
 17      2      0.00141       0.03903
 17      3      0.00246       0.03946
 17      4      0.00504       0.03856
 17      5      0.00817       0.03819
 17      6     -0.01080       0.03750
 17      7      0.01126       0.03732
 17      8     -0.02753       0.03828
 17      9     -0.03821       0.03851
 17     10      0.00615       0.03903
 17     11     -0.01198       0.03833
 17     12      0.01397       0.03777
 17     13     -0.00404       0.03745
 17     14     -0.03366       0.03741
 17     15      0.00505       0.03729
 17     16     -0.01506       0.03754
 17     17     -0.03401       0.03849
 18    -18      0.01114       0.03618
 18    -17      0.01595       0.03533
 18    -16     -0.00052       0.03506
 18    -15     -0.02450       0.03529
 18    -14     -0.04043       0.03525
 18    -13     -0.03491       0.03560
 18    -12     -0.01180       0.03586
 18    -11     -0.01285       0.03665
 18    -10      0.01250       0.03629
 18     -9     -0.00479       0.03611
 18     -8      0.00997       0.03540
 18     -7     -0.00106       0.03507
 18     -6      0.00684       0.03587
 18     -5      0.01332       0.03620
 18     -4     -0.01703       0.03649
 18     -3     -0.01099       0.03693
 18     -2     -0.01284       0.03750
 18     -1     -0.04907       0.03613
 18      0      0.03808       0.03683
 18      1      0.02014       0.03762
 18      2     -0.00759       0.03642
 18      3      0.01076       0.03724
 18      4      0.01640       0.03643
 18      5     -0.00079       0.03596
 18      6      0.02203       0.03553
 18      7     -0.01345       0.03527
 18      8     -0.03234       0.03554
 18      9     -0.00702       0.03606
 18     10     -0.03712       0.03632
 18     11     -0.02171       0.03641
 18     12     -0.03334       0.03603
 18     13     -0.00968       0.03558
 18     14      0.00573       0.03522
 18     15      0.00737       0.03523
 18     16     -0.00132       0.03512
 18     17      0.01865       0.03558
 18     18     -0.02857       0.03613
 19    -19     -0.00706       0.03387
 19    -18     -0.01108       0.03338
 19    -17      0.01367       0.03286
 19    -16      0.01768       0.03334
 19    -15     -0.01060       0.03327
 19    -14     -0.01136       0.03364
 19    -13     -0.03763       0.03362
 19    -12     -0.01456       0.03430
 19    -11      0.01235       0.03436
 19    -10     -0.02359       0.03403
 19     -9     -0.02872       0.03364
 19     -8      0.01521       0.03320
 19     -7      0.00615       0.03327
 19     -6     -0.00330       0.03395
 19     -5     -0.00709       0.03413
 19     -4      0.02207       0.03448
 19     -3     -0.03192       0.03482
 19     -2     -0.01349       0.03516
 19     -1     -0.02832       0.03405
 19      0      0.00625       0.03443
 19      1      0.03066       0.03543
 19      2     -0.00669       0.03395
 19      3      0.02354       0.03492
 19      4     -0.00491       0.03429
 19      5      0.00206       0.03389
 19      6      0.05089       0.03345
 19      7      0.00689       0.03330
 19      8      0.00591       0.03307
 19      9      0.00551       0.03377
 19     10     -0.02757       0.03410
 19     11      0.00447       0.03404
 19     12     -0.00370       0.03421
 19     13      0.00673       0.03374
 19     14      0.00197       0.03330
 19     15     -0.00825       0.03311
 19     16     -0.01280       0.03316
 19     17     -0.02502       0.03334
 19     18     -0.01011       0.03352
 19     19     -0.00025       0.03425
 20    -20     -0.00359       0.03225
 20    -19     -0.01899       0.03157
 20    -18      0.00538       0.03141
 20    -17     -0.01695       0.03122
 20    -16     -0.03803       0.03136
 20    -15      0.01160       0.03170
 20    -14     -0.00586       0.03189
 20    -13      0.00199       0.03201
 20    -12     -0.02695       0.03239
 20    -11     -0.01436       0.03229
 20    -10     -0.00525       0.03202
 20     -9     -0.01463       0.03132
 20     -8     -0.03551       0.03116
 20     -7     -0.00118       0.03144
 20     -6      0.02501       0.03199
 20     -5      0.00532       0.03212
 20     -4      0.01596       0.03279
 20     -3      0.03191       0.03247
 20     -2     -0.00950       0.03307
 20     -1      0.01011       0.03203
 20      0      0.00337       0.03257
 20      1     -0.03458       0.03296
 20      2      0.01130       0.03230
 20      3     -0.00195       0.03271
 20      4     -0.00073       0.03248
 20      5     -0.01663       0.03190
 20      6     -0.02115       0.03185
 20      7      0.00794       0.03152
 20      8      0.02863       0.03140
 20      9      0.00769       0.03158
 20     10      0.03160       0.03201
 20     11     -0.02195       0.03199
 20     12      0.00751       0.03209
 20     13      0.01966       0.03232
 20     14     -0.02148       0.03143
 20     15     -0.00992       0.03141
 20     16     -0.00216       0.03128
 20     17      0.02947       0.03158
 20     18     -0.00195       0.03115
 20     19      0.00825       0.03165
 20     20      0.00157       0.03204
 21    -21     -0.00054       0.03030
 21    -20     -0.01485       0.03002
 21    -19     -0.00855       0.02951
 21    -18      0.00132       0.02977
 21    -17     -0.00731       0.02959
 21    -16     -0.00323       0.02996
 21    -15      0.02564       0.02994
 21    -14      0.01097       0.03040
 21    -13     -0.01691       0.03033
 21    -12     -0.00821       0.03034
 21    -11     -0.01620       0.03038
 21    -10      0.00395       0.02993
 21     -9     -0.01648       0.02957
 21     -8     -0.02065       0.02951
 21     -7      0.01833       0.02988
 21     -6     -0.00442       0.03020
 21     -5      0.02013       0.03057
 21     -4      0.01690       0.03086
 21     -3     -0.01560       0.03057
 21     -2     -0.00941       0.03121
 21     -1      0.00268       0.03002
 21      0      0.00658       0.03071
 21      1     -0.02609       0.03121
 21      2      0.01443       0.03038
 21      3      0.01968       0.03088
 21      4      0.02176       0.03064
 21      5     -0.01045       0.03028
 21      6     -0.02470       0.02994
 21      7     -0.00668       0.03003
 21      8      0.00250       0.02956
 21      9      0.02401       0.02968
 21     10      0.01452       0.02995
 21     11     -0.01095       0.03035
 21     12     -0.00190       0.03034
 21     13      0.01001       0.03053
 21     14      0.00527       0.03012
 21     15      0.01521       0.02976
 21     16     -0.01226       0.02967
 21     17      0.00607       0.02964
 21     18     -0.02086       0.02964
 21     19     -0.03148       0.02970
 21     20      0.01750       0.02982
 21     21      0.00881       0.03047
 22    -22     -0.04198       0.02868
 22    -21     -0.00338       0.02826
 22    -20     -0.00115       0.02809
 22    -19      0.01307       0.02821
 22    -18      0.01256       0.02806
 22    -17      0.01823       0.02817
 22    -16      0.00841       0.02816
 22    -15      0.04490       0.02868
 22    -14      0.02835       0.02890
 22    -13     -0.02297       0.02856
 22    -12     -0.01711       0.02876
 22    -11      0.01330       0.02860
 22    -10      0.00257       0.02817
 22     -9     -0.01249       0.02802
 22     -8      0.02119       0.02803
 22     -7      0.00662       0.02834
 22     -6      0.02908       0.02862
 22     -5      0.00119       0.02905
 22     -4     -0.02739       0.02907
 22     -3     -0.00483       0.02898
 22     -2     -0.00024       0.02942
 22     -1     -0.00694       0.02847
 22      0     -0.02294       0.02895
 22      1     -0.00563       0.02944
 22      2     -0.01838       0.02862
 22      3      0.00005       0.02916
 22      4     -0.00476       0.02892
 22      5      0.01672       0.02873
 22      6      0.00088       0.02836
 22      7     -0.01371       0.02840
 22      8     -0.00546       0.02821
 22      9      0.00420       0.02782
 22     10      0.03139       0.02824
 22     11      0.00056       0.02841
 22     12     -0.00322       0.02877
 22     13      0.01307       0.02879
 22     14      0.01399       0.02862
 22     15      0.00582       0.02837
 22     16      0.00291       0.02827
 22     17     -0.00893       0.02827
 22     18      0.00430       0.02804
 22     19     -0.00651       0.02808
 22     20      0.01867       0.02804
 22     21     -0.00020       0.02846
 22     22      0.02325       0.02885
 23    -23     -0.03186       0.02749
 23    -22      0.00029       0.02692
 23    -21      0.01454       0.02674
 23    -20     -0.00168       0.02673
 23    -19      0.00715       0.02641
 23    -18     -0.00281       0.02681
 23    -17      0.01247       0.02673
 23    -16      0.02481       0.02698
 23    -15     -0.01646       0.02732
 23    -14      0.00020       0.02714
 23    -13     -0.01323       0.02720
 23    -12      0.00174       0.02715
 23    -11     -0.00719       0.02703
 23    -10      0.01766       0.02655
 23     -9      0.02989       0.02642
 23     -8      0.00121       0.02669
 23     -7     -0.00048       0.02682
 23     -6      0.00200       0.02720
 23     -5     -0.01217       0.02748
 23     -4      0.00241       0.02754
 23     -3      0.00901       0.02739
 23     -2      0.00762       0.02776
 23     -1     -0.02053       0.02694
 23      0     -0.02275       0.02740
 23      1      0.02871       0.02784
 23      2     -0.00312       0.02716
 23      3     -0.01487       0.02758
 23      4     -0.01868       0.02737
 23      5     -0.00028       0.02727
 23      6      0.02185       0.02704
 23      7     -0.00883       0.02692
 23      8      0.00611       0.02686
 23      9     -0.00480       0.02659
 23     10     -0.01034       0.02660
 23     11      0.03824       0.02676
 23     12      0.01593       0.02710
 23     13     -0.00250       0.02730
 23     14      0.00966       0.02716
 23     15      0.00642       0.02711
 23     16     -0.00054       0.02691
 23     17     -0.02884       0.02675
 23     18      0.02923       0.02671
 23     19     -0.00644       0.02681
 23     20      0.02141       0.02669
 23     21     -0.01319       0.02655
 23     22      0.00454       0.02692
 23     23     -0.02558       0.02705
 24    -24      0.00851       0.02613
 24    -23      0.00089       0.02583
 24    -22      0.00981       0.02528
 24    -21      0.01481       0.02537
 24    -20     -0.01152       0.02534
 24    -19     -0.02529       0.02527
 24    -18      0.00121       0.02546
 24    -17      0.01300       0.02541
 24    -16      0.00831       0.02585
 24    -15     -0.02519       0.02584
 24    -14     -0.02210       0.02591
 24    -13      0.01861       0.02576
 24    -12      0.02586       0.02559
 24    -11      0.02774       0.02542
 24    -10     -0.00861       0.02517
 24     -9      0.00833       0.02527
 24     -8      0.00056       0.02538
 24     -7      0.00585       0.02556
 24     -6      0.01031       0.02585
 24     -5      0.00729       0.02614
 24     -4      0.01040       0.02609
 24     -3      0.01366       0.02602
 24     -2      0.00066       0.02630
 24     -1     -0.01987       0.02556
 24      0     -0.00742       0.02594
 24      1      0.02352       0.02640
 24      2      0.01618       0.02570
 24      3     -0.02009       0.02611
 24      4     -0.00233       0.02595
 24      5     -0.00872       0.02582
 24      6      0.00276       0.02574
 24      7     -0.01233       0.02555
 24      8      0.00498       0.02550
 24      9     -0.00792       0.02528
 24     10      0.01992       0.02513
 24     11      0.01478       0.02536
 24     12     -0.00521       0.02571
 24     13     -0.01347       0.02584
 24     14     -0.01437       0.02577
 24     15     -0.00522       0.02566
 24     16     -0.00729       0.02574
 24     17     -0.02637       0.02560
 24     18     -0.01626       0.02532
 24     19      0.00320       0.02555
 24     20      0.02135       0.02522
 24     21      0.02319       0.02540
 24     22      0.00701       0.02538
 24     23      0.00025       0.02535
 24     24     -0.01306       0.02566
 25    -25     -0.00332       0.02454
 25    -24      0.00505       0.02438
 25    -23     -0.00771       0.02435
 25    -22     -0.00382       0.02416
 25    -21      0.01391       0.02404
 25    -20     -0.01197       0.02407
 25    -19     -0.01169       0.02407
 25    -18     -0.01114       0.02426
 25    -17      0.01127       0.02450
 25    -16      0.00618       0.02443
 25    -15     -0.00345       0.02456
 25    -14      0.01186       0.02457
 25    -13      0.00532       0.02438
 25    -12      0.01347       0.02432
 25    -11     -0.00444       0.02410
 25    -10     -0.00201       0.02390
 25     -9     -0.01686       0.02409
 25     -8     -0.02497       0.02412
 25     -7      0.02234       0.02430
 25     -6     -0.01057       0.02469
 25     -5     -0.00671       0.02471
 25     -4     -0.00005       0.02471
 25     -3     -0.01894       0.02474
 25     -2     -0.00518       0.02493
 25     -1     -0.00172       0.02433
 25      0     -0.00324       0.02462
 25      1     -0.00125       0.02501
 25      2      0.00317       0.02443
 25      3     -0.01788       0.02474
 25      4     -0.00370       0.02471
 25      5      0.00989       0.02464
 25      6     -0.00636       0.02443
 25      7     -0.02022       0.02440
 25      8     -0.03840       0.02429
 25      9      0.01776       0.02411
 25     10     -0.01169       0.02399
 25     11      0.00619       0.02390
 25     12      0.02101       0.02425
 25     13      0.00385       0.02452
 25     14     -0.00252       0.02452
 25     15      0.00184       0.02450
 25     16     -0.01414       0.02449
 25     17      0.00431       0.02444
 25     18     -0.00071       0.02414
 25     19      0.01686       0.02425
 25     20      0.00709       0.02425
 25     21      0.01333       0.02408
 25     22      0.00316       0.02417
 25     23     -0.00950       0.02388
 25     24     -0.01095       0.02434
 25     25      0.01278       0.02470
 26    -26      0.00574       0.02349
 26    -25      0.00338       0.02325
 26    -24      0.01676       0.02312
 26    -23      0.00639       0.02315
 26    -22      0.01388       0.02295
 26    -21     -0.00184       0.02307
 26    -20      0.00599       0.02297
 26    -19     -0.01124       0.02296
 26    -18     -0.00580       0.02333
 26    -17     -0.01368       0.02325
 26    -16      0.00325       0.02329
 26    -15      0.01287       0.02346
 26    -14     -0.00287       0.02340
 26    -13      0.00564       0.02314
 26    -12      0.00362       0.02296
 26    -11     -0.00757       0.02286
 26    -10     -0.02364       0.02291
 26     -9     -0.02227       0.02292
 26     -8      0.01300       0.02304
 26     -7      0.00382       0.02316
 26     -6     -0.00373       0.02349
 26     -5     -0.00508       0.02342
 26     -4     -0.00585       0.02358
 26     -3     -0.01712       0.02348
 26     -2     -0.00595       0.02370
 26     -1      0.01308       0.02306
 26      0      0.01515       0.02346
 26      1      0.00125       0.02374
 26      2      0.01221       0.02332
 26      3      0.00792       0.02348
 26      4      0.00341       0.02348
 26      5      0.01193       0.02347
 26      6      0.00253       0.02334
 26      7      0.00634       0.02327
 26      8     -0.01279       0.02313
 26      9     -0.02193       0.02302
 26     10      0.00391       0.02283
 26     11     -0.01943       0.02273
 26     12      0.00712       0.02301
 26     13     -0.00399       0.02330
 26     14      0.01894       0.02323
 26     15     -0.00094       0.02326
 26     16      0.00785       0.02335
 26     17     -0.00689       0.02329
 26     18     -0.00129       0.02318
 26     19     -0.00209       0.02306
 26     20      0.00750       0.02308
 26     21      0.02270       0.02295
 26     22      0.01182       0.02292
 26     23      0.01060       0.02291
 26     24     -0.00572       0.02287
 26     25      0.00056       0.02318
 26     26      0.00305       0.02339
 27    -27      0.01111       0.02245
 27    -26     -0.01496       0.02232
 27    -25      0.00310       0.02197
 27    -24     -0.00849       0.02200
 27    -23     -0.00363       0.02197
 27    -22      0.00460       0.02196
 27    -21      0.00152       0.02191
 27    -20      0.01069       0.02188
 27    -19      0.00352       0.02205
 27    -18     -0.00498       0.02228
 27    -17      0.01387       0.02222
 27    -16      0.00678       0.02225
 27    -15     -0.01087       0.02229
 27    -14      0.00483       0.02226
 27    -13      0.00614       0.02200
 27    -12      0.01161       0.02188
 27    -11     -0.01085       0.02186
 27    -10     -0.00973       0.02184
 27     -9     -0.00164       0.02197
 27     -8     -0.00365       0.02192
 27     -7     -0.00827       0.02215
 27     -6      0.01080       0.02239
 27     -5     -0.00359       0.02244
 27     -4     -0.00613       0.02242
 27     -3      0.01351       0.02233
 27     -2     -0.01919       0.02253
 27     -1      0.01032       0.02202
 27      0      0.01209       0.02232
 27      1     -0.01545       0.02259
 27      2     -0.00126       0.02219
 27      3      0.00927       0.02245
 27      4      0.01549       0.02232
 27      5      0.00025       0.02231
 27      6     -0.01382       0.02218
 27      7     -0.00634       0.02226
 27      8     -0.00047       0.02210
 27      9     -0.01473       0.02194
 27     10      0.01611       0.02182
 27     11      0.01998       0.02168
 27     12     -0.00915       0.02172
 27     13      0.00370       0.02209
 27     14      0.00509       0.02211
 27     15      0.01379       0.02219
 27     16      0.01359       0.02226
 27     17     -0.00469       0.02219
 27     18      0.00013       0.02206
 27     19     -0.00843       0.02220
 27     20      0.01082       0.02195
 27     21      0.01115       0.02203
 27     22     -0.01836       0.02192
 27     23      0.01216       0.02181
 27     24     -0.00207       0.02196
 27     25     -0.01193       0.02193
 27     26      0.00531       0.02198
 27     27      0.01120       0.02225
 28    -28     -0.00230       0.02135
 28    -27     -0.00265       0.02117
 28    -26     -0.00446       0.02103
 28    -25     -0.00471       0.02104
 28    -24      0.00104       0.02098
 28    -23      0.00363       0.02105
 28    -22      0.01617       0.02100
 28    -21      0.00534       0.02088
 28    -20      0.00426       0.02107
 28    -19      0.00718       0.02112
 28    -18      0.00274       0.02130
 28    -17     -0.00352       0.02124
 28    -16     -0.00891       0.02121
 28    -15     -0.00280       0.02125
 28    -14     -0.00544       0.02123
 28    -13      0.01023       0.02091
 28    -12     -0.01274       0.02084
 28    -11     -0.00736       0.02087
 28    -10     -0.02037       0.02093
 28     -9     -0.00207       0.02092
 28     -8      0.02198       0.02104
 28     -7      0.00000       0.02114
 28     -6      0.00071       0.02137
 28     -5      0.00703       0.02134
 28     -4      0.01523       0.02130
 28     -3      0.00129       0.02133
 28     -2     -0.02152       0.02146
 28     -1     -0.00431       0.02101
 28      0      0.01146       0.02126
 28      1      0.01024       0.02158
 28      2     -0.01004       0.02113
 28      3     -0.00002       0.02140
 28      4      0.01327       0.02136
 28      5     -0.00243       0.02132
 28      6     -0.00382       0.02122
 28      7     -0.00785       0.02124
 28      8      0.01245       0.02113
 28      9      0.00322       0.02097
 28     10      0.00078       0.02089
 28     11      0.00735       0.02069
 28     12      0.01416       0.02076
 28     13     -0.01069       0.02091
 28     14     -0.01267       0.02105
 28     15     -0.01018       0.02115
 28     16      0.00302       0.02125
 28     17     -0.00458       0.02121
 28     18      0.01209       0.02104
 28     19      0.00731       0.02117
 28     20      0.01302       0.02111
 28     21      0.01645       0.02096
 28     22     -0.00857       0.02099
 28     23      0.00122       0.02084
 28     24     -0.00585       0.02087
 28     25     -0.00359       0.02097
 28     26      0.00281       0.02092
 28     27      0.02019       0.02116
 28     28      0.00309       0.02132
 29    -29      0.00491       0.02040
 29    -28     -0.00452       0.02023
 29    -27      0.00752       0.02018
 29    -26     -0.00544       0.02009
 29    -25      0.01155       0.01998
 29    -24      0.00253       0.02009
 29    -23      0.01217       0.02014
 29    -22      0.00816       0.01994
 29    -21     -0.00748       0.02016
 29    -20     -0.00167       0.02017
 29    -19      0.00067       0.02018
 29    -18     -0.00220       0.02033
 29    -17      0.00547       0.02026
 29    -16      0.00515       0.02024
 29    -15     -0.01203       0.02033
 29    -14      0.02268       0.02014
 29    -13     -0.00790       0.01991
 29    -12     -0.01290       0.01988
 29    -11      0.00042       0.02004
 29    -10     -0.00661       0.02001
 29     -9      0.01622       0.02003
 29     -8     -0.01550       0.02010
 29     -7     -0.00837       0.02026
 29     -6      0.00426       0.02042
 29     -5     -0.00195       0.02039
 29     -4     -0.00788       0.02043
 29     -3      0.00537       0.02032
 29     -2     -0.00875       0.02049
 29     -1      0.00773       0.02002
 29      0      0.00893       0.02034
 29      1      0.00816       0.02057
 29      2     -0.00432       0.02026
 29      3     -0.01532       0.02040
 29      4      0.00455       0.02039
 29      5      0.00508       0.02029
 29      6      0.00404       0.02031
 29      7      0.00487       0.02027
 29      8     -0.00614       0.02023
 29      9      0.00553       0.02011
 29     10     -0.01266       0.01995
 29     11      0.01251       0.01984
 29     12      0.00571       0.01982
 29     13      0.01690       0.01999
 29     14     -0.00374       0.02003
 29     15     -0.01672       0.02019
 29     16      0.00644       0.02027
 29     17      0.00731       0.02032
 29     18      0.00470       0.02019
 29     19      0.00236       0.02026
 29     20      0.00187       0.02022
 29     21      0.00454       0.02009
 29     22      0.01539       0.02005
 29     23      0.00299       0.02003
 29     24     -0.00055       0.01996
 29     25     -0.00540       0.02007
 29     26     -0.00652       0.02010
 29     27      0.02615       0.01996
 29     28     -0.01886       0.02025
 29     29     -0.00977       0.02039
 30    -30      0.00128       0.01949
 30    -29     -0.00604       0.01934
 30    -28      0.00580       0.01923
 30    -27      0.00387       0.01931
 30    -26     -0.01189       0.01922
 30    -25      0.00193       0.01915
 30    -24      0.00692       0.01930
 30    -23      0.00829       0.01915
 30    -22      0.00413       0.01927
 30    -21     -0.00364       0.01932
 30    -20     -0.00255       0.01928
 30    -19      0.00026       0.01938
 30    -18     -0.00820       0.01947
 30    -17     -0.00853       0.01935
 30    -16     -0.00012       0.01938
 30    -15     -0.00262       0.01936
 30    -14     -0.00532       0.01921
 30    -13      0.00019       0.01900
 30    -12     -0.00401       0.01908
 30    -11     -0.01418       0.01916
 30    -10      0.00486       0.01910
 30     -9     -0.00584       0.01923
 30     -8     -0.01001       0.01926
 30     -7      0.01229       0.01947
 30     -6     -0.00181       0.01949
 30     -5     -0.00041       0.01950
 30     -4      0.00581       0.01950
 30     -3     -0.00996       0.01948
 30     -2      0.00159       0.01956
 30     -1      0.00027       0.01920
 30      0     -0.00935       0.01942
 30      1      0.00339       0.01966
 30      2      0.00002       0.01933
 30      3      0.00054       0.01951
 30      4      0.00060       0.01946
 30      5     -0.00451       0.01948
 30      6      0.01296       0.01936
 30      7     -0.00400       0.01942
 30      8     -0.00787       0.01931
 30      9      0.00438       0.01925
 30     10      0.00031       0.01919
 30     11      0.00335       0.01902
 30     12      0.00363       0.01901
 30     13      0.00762       0.01903
 30     14      0.00427       0.01913
 30     15     -0.00648       0.01922
 30     16      0.00718       0.01944
 30     17     -0.00884       0.01941
 30     18      0.00529       0.01936
 30     19      0.00778       0.01935
 30     20      0.01776       0.01939
 30     21     -0.00401       0.01931
 30     22      0.00220       0.01921
 30     23     -0.00590       0.01914
 30     24     -0.00132       0.01917
 30     25     -0.01151       0.01919
 30     26      0.00755       0.01914
 30     27      0.02513       0.01918
 30     28      0.00309       0.01922
 30     29     -0.00841       0.01942
 30     30     -0.00268       0.01954
