# Valentine & Davies -- Global models from sparse data: A robust estimate
#                       of Earth's residual topography spectrum
#
# Spherical harmonic expansion coefficients for mean of posterior Gaussian
# Process model derived from high accuracy spot data.
#
# NB. This file contains only (the square root of) the diagonal elements of
#     the posterior covariance matrix. The full posterior covariance matrix
#     can be generated using the code accompaning this paper.
#
# l - spherical harmonic degree
# m - spherical harmonic order
# y - spherical harmonic expansion coefficient (y_i, eq. 12)
# s - standard error on coefficient (sqrt(Sigma_{ii}), eq. 12)
#
# l      m         y            s
  1     -1      0.21675       0.14115
  1      0     -0.26975       0.14878
  1      1     -0.17433       0.13002
  2     -2      0.49824       0.13368
  2     -1      0.01393       0.12814
  2      0     -0.34416       0.14082
  2      1     -0.04620       0.14824
  2      2      0.39738       0.12538
  3     -3     -0.27103       0.12851
  3     -2      0.10001       0.13667
  3     -1      0.20234       0.13468
  3      0      0.16522       0.12551
  3      1     -0.01694       0.14102
  3      2     -0.33349       0.11426
  3      3     -0.12193       0.11805
  4     -4     -0.09536       0.11887
  4     -3     -0.16100       0.11397
  4     -2     -0.00770       0.13671
  4     -1      0.31341       0.11381
  4      0      0.12598       0.13079
  4      1     -0.00231       0.11779
  4      2     -0.08774       0.11999
  4      3     -0.15265       0.11464
  4      4      0.02593       0.11385
  5     -5      0.05133       0.10629
  5     -4     -0.02344       0.10855
  5     -3     -0.11002       0.11714
  5     -2     -0.08214       0.11558
  5     -1      0.24289       0.10588
  5      0     -0.07567       0.12177
  5      1     -0.06144       0.11119
  5      2     -0.25714       0.10754
  5      3     -0.28872       0.11437
  5      4     -0.20242       0.09997
  5      5     -0.24873       0.11075
  6     -6     -0.11996       0.10272
  6     -5      0.09692       0.09467
  6     -4      0.04505       0.10168
  6     -3      0.02027       0.10456
  6     -2      0.05938       0.10133
  6     -1      0.19481       0.10115
  6      0      0.04467       0.10999
  6      1     -0.02117       0.10274
  6      2     -0.08134       0.09685
  6      3     -0.15971       0.10322
  6      4     -0.14608       0.10447
  6      5     -0.06210       0.09660
  6      6     -0.06330       0.09767
  7     -7     -0.13989       0.09373
  7     -6     -0.10714       0.08786
  7     -5     -0.01017       0.09187
  7     -4     -0.19179       0.09468
  7     -3      0.06244       0.09162
  7     -2      0.01122       0.09172
  7     -1      0.22944       0.09700
  7      0     -0.14518       0.09605
  7      1      0.15672       0.09558
  7      2     -0.07567       0.08573
  7      3      0.00589       0.09303
  7      4      0.03166       0.09386
  7      5      0.05036       0.09204
  7      6     -0.05508       0.08759
  7      7      0.13615       0.09003
  8     -8     -0.11281       0.08528
  8     -7     -0.08361       0.08260
  8     -6     -0.09288       0.08466
  8     -5     -0.05273       0.08519
  8     -4      0.04956       0.08453
  8     -3      0.07909       0.08166
  8     -2      0.08910       0.08465
  8     -1      0.02718       0.08689
  8      0     -0.17290       0.08554
  8      1      0.09415       0.08860
  8      2      0.00518       0.07992
  8      3      0.00672       0.08131
  8      4     -0.16232       0.08499
  8      5      0.01778       0.08442
  8      6     -0.11275       0.08026
  8      7     -0.07894       0.07814
  8      8      0.07604       0.08252
  9     -9      0.03553       0.07652
  9     -8     -0.05310       0.07276
  9     -7      0.02672       0.07480
  9     -6      0.10562       0.07769
  9     -5      0.04738       0.07717
  9     -4      0.03033       0.07659
  9     -3     -0.03857       0.07351
  9     -2      0.10007       0.07777
  9     -1     -0.01913       0.07895
  9      0     -0.01045       0.07686
  9      1      0.01363       0.07938
  9      2     -0.04633       0.07465
  9      3     -0.00222       0.07343
  9      4      0.04332       0.07431
  9      5      0.02671       0.07666
  9      6      0.02550       0.07493
  9      7     -0.01189       0.07405
  9      8      0.03976       0.07455
  9      9     -0.00347       0.07646
 10    -10      0.02711       0.06992
 10     -9      0.03198       0.06881
 10     -8     -0.06258       0.06784
 10     -7      0.00515       0.06875
 10     -6     -0.00793       0.07078
 10     -5     -0.09266       0.06916
 10     -4      0.02659       0.06757
 10     -3     -0.00280       0.06721
 10     -2      0.01822       0.07206
 10     -1     -0.05801       0.07040
 10      0      0.04754       0.07013
 10      1     -0.05178       0.07116
 10      2     -0.05702       0.06898
 10      3      0.05107       0.06686
 10      4     -0.04461       0.06770
 10      5     -0.02911       0.06943
 10      6      0.01283       0.06844
 10      7      0.02493       0.06913
 10      8      0.12471       0.06715
 10      9      0.00666       0.06618
 10     10     -0.00709       0.06953
 11    -11     -0.00125       0.06373
 11    -10      0.07595       0.06189
 11     -9      0.02459       0.06253
 11     -8      0.04354       0.06331
 11     -7      0.01483       0.06342
 11     -6     -0.06076       0.06427
 11     -5      0.02970       0.06265
 11     -4     -0.02683       0.06098
 11     -3      0.07235       0.06263
 11     -2     -0.04678       0.06517
 11     -1     -0.04612       0.06417
 11      0     -0.01965       0.06341
 11      1     -0.00147       0.06459
 11      2     -0.06375       0.06294
 11      3      0.01125       0.06215
 11      4      0.04893       0.06069
 11      5     -0.00035       0.06253
 11      6      0.02859       0.06228
 11      7      0.08197       0.06291
 11      8      0.00936       0.06180
 11      9      0.09496       0.06046
 11     10      0.03341       0.06197
 11     11     -0.01209       0.06352
 12    -12     -0.01233       0.05783
 12    -11      0.02197       0.05724
 12    -10      0.05072       0.05639
 12     -9     -0.02912       0.05771
 12     -8      0.00697       0.05774
 12     -7     -0.03288       0.05744
 12     -6     -0.04146       0.05830
 12     -5      0.00590       0.05619
 12     -4      0.04708       0.05596
 12     -3     -0.03813       0.05758
 12     -2     -0.02146       0.05927
 12     -1     -0.00263       0.05829
 12      0     -0.04415       0.05787
 12      1     -0.00216       0.05878
 12      2     -0.00870       0.05772
 12      3      0.03529       0.05751
 12      4      0.03461       0.05619
 12      5     -0.03136       0.05628
 12      6     -0.00530       0.05717
 12      7      0.04984       0.05809
 12      8      0.04184       0.05733
 12      9     -0.00054       0.05635
 12     10      0.04678       0.05618
 12     11      0.06115       0.05659
 12     12     -0.03926       0.05852
 13    -13     -0.03176       0.05277
 13    -12     -0.03449       0.05230
 13    -11     -0.01141       0.05229
 13    -10      0.00251       0.05258
 13     -9     -0.01472       0.05273
 13     -8      0.00037       0.05306
 13     -7      0.04033       0.05305
 13     -6      0.04025       0.05288
 13     -5      0.06140       0.05118
 13     -4      0.01614       0.05187
 13     -3      0.00396       0.05357
 13     -2      0.00545       0.05342
 13     -1     -0.01019       0.05339
 13      0      0.00040       0.05275
 13      1     -0.00229       0.05413
 13      2      0.01299       0.05311
 13      3     -0.01518       0.05294
 13      4     -0.01384       0.05171
 13      5      0.01563       0.05174
 13      6     -0.02758       0.05155
 13      7     -0.02659       0.05322
 13      8      0.00704       0.05264
 13      9     -0.00766       0.05254
 13     10      0.00102       0.05186
 13     11      0.01526       0.05112
 13     12      0.02656       0.05254
 13     13     -0.00398       0.05388
 14    -14     -0.06774       0.04914
 14    -13      0.01960       0.04760
 14    -12     -0.03252       0.04758
 14    -11      0.00129       0.04843
 14    -10     -0.00141       0.04826
 14     -9     -0.01514       0.04868
 14     -8      0.01762       0.04883
 14     -7      0.00098       0.04829
 14     -6      0.02324       0.04805
 14     -5     -0.00969       0.04701
 14     -4      0.05528       0.04869
 14     -3     -0.03985       0.04877
 14     -2      0.02463       0.04940
 14     -1      0.00290       0.04882
 14      0     -0.00979       0.04868
 14      1      0.03551       0.04955
 14      2     -0.02678       0.04875
 14      3      0.00577       0.04898
 14      4     -0.01540       0.04793
 14      5      0.02757       0.04754
 14      6      0.00325       0.04751
 14      7      0.01596       0.04863
 14      8      0.02121       0.04898
 14      9      0.00167       0.04837
 14     10      0.04266       0.04845
 14     11     -0.01787       0.04760
 14     12     -0.00093       0.04779
 14     13     -0.00629       0.04917
 14     14      0.00994       0.04893
 15    -15     -0.05272       0.04529
 15    -14      0.03047       0.04472
 15    -13      0.00677       0.04364
 15    -12     -0.00047       0.04437
 15    -11     -0.00735       0.04499
 15    -10     -0.00530       0.04484
 15     -9     -0.00268       0.04532
 15     -8     -0.01734       0.04501
 15     -7      0.00148       0.04450
 15     -6     -0.00137       0.04435
 15     -5      0.01375       0.04382
 15     -4     -0.02961       0.04511
 15     -3     -0.02729       0.04501
 15     -2     -0.01393       0.04558
 15     -1      0.01751       0.04488
 15      0      0.01399       0.04502
 15      1     -0.00536       0.04557
 15      2      0.00205       0.04503
 15      3     -0.00988       0.04509
 15      4      0.00117       0.04464
 15      5     -0.01359       0.04419
 15      6      0.02359       0.04329
 15      7     -0.01810       0.04453
 15      8     -0.00660       0.04490
 15      9     -0.01106       0.04485
 15     10      0.02216       0.04462
 15     11     -0.02482       0.04420
 15     12     -0.00974       0.04426
 15     13     -0.01018       0.04460
 15     14     -0.03476       0.04484
 15     15      0.00184       0.04517
 16    -16     -0.01213       0.04181
 16    -15      0.00533       0.04178
 16    -14      0.02798       0.04106
 16    -13      0.01968       0.04071
 16    -12      0.02691       0.04115
 16    -11     -0.01214       0.04155
 16    -10     -0.02344       0.04188
 16     -9      0.03005       0.04170
 16     -8     -0.01736       0.04143
 16     -7     -0.01792       0.04091
 16     -6      0.01749       0.04096
 16     -5     -0.02759       0.04104
 16     -4      0.01502       0.04183
 16     -3     -0.01405       0.04158
 16     -2     -0.00747       0.04225
 16     -1     -0.00470       0.04146
 16      0     -0.01762       0.04174
 16      1      0.00714       0.04206
 16      2     -0.00796       0.04167
 16      3     -0.02169       0.04175
 16      4     -0.01098       0.04149
 16      5     -0.02334       0.04117
 16      6     -0.00576       0.04021
 16      7      0.00056       0.04099
 16      8      0.01143       0.04153
 16      9      0.00670       0.04175
 16     10      0.02665       0.04145
 16     11      0.01159       0.04122
 16     12      0.00543       0.04139
 16     13      0.01008       0.04138
 16     14     -0.00808       0.04084
 16     15      0.00088       0.04131
 16     16     -0.00289       0.04190
 17    -17     -0.01799       0.03892
 17    -16      0.02560       0.03863
 17    -15     -0.01138       0.03819
 17    -14      0.00996       0.03819
 17    -13     -0.00278       0.03810
 17    -12      0.00305       0.03834
 17    -11     -0.02539       0.03873
 17    -10     -0.00960       0.03897
 17     -9     -0.00576       0.03876
 17     -8     -0.00124       0.03828
 17     -7      0.00747       0.03796
 17     -6     -0.02189       0.03820
 17     -5      0.00755       0.03850
 17     -4      0.02996       0.03887
 17     -3      0.02147       0.03868
 17     -2     -0.00493       0.03899
 17     -1     -0.03982       0.03851
 17      0     -0.03347       0.03867
 17      1     -0.00991       0.03914
 17      2      0.00201       0.03875
 17      3      0.01197       0.03885
 17      4     -0.00271       0.03841
 17      5     -0.00706       0.03847
 17      6     -0.01079       0.03751
 17      7     -0.01371       0.03780
 17      8     -0.01248       0.03839
 17      9     -0.01299       0.03858
 17     10      0.01730       0.03860
 17     11      0.00746       0.03852
 17     12     -0.00201       0.03851
 17     13      0.01144       0.03853
 17     14     -0.03476       0.03811
 17     15     -0.00848       0.03806
 17     16      0.00648       0.03865
 17     17     -0.01564       0.03879
 18    -18     -0.01306       0.03606
 18    -17      0.01299       0.03601
 18    -16     -0.00138       0.03547
 18    -15      0.00592       0.03561
 18    -14     -0.02293       0.03575
 18    -13     -0.01112       0.03558
 18    -12     -0.01741       0.03586
 18    -11     -0.02015       0.03637
 18    -10      0.00110       0.03606
 18     -9     -0.00730       0.03603
 18     -8      0.00836       0.03549
 18     -7     -0.00073       0.03516
 18     -6      0.00526       0.03575
 18     -5      0.02380       0.03584
 18     -4      0.00008       0.03607
 18     -3      0.00272       0.03613
 18     -2     -0.00338       0.03631
 18     -1     -0.03082       0.03581
 18      0      0.00691       0.03601
 18      1      0.00326       0.03645
 18      2      0.01494       0.03605
 18      3      0.01874       0.03611
 18      4      0.02413       0.03590
 18      5      0.01258       0.03606
 18      6     -0.00089       0.03534
 18      7     -0.00862       0.03530
 18      8     -0.02098       0.03562
 18      9      0.00377       0.03577
 18     10     -0.02520       0.03612
 18     11     -0.00183       0.03586
 18     12      0.00101       0.03597
 18     13      0.00777       0.03601
 18     14      0.00084       0.03561
 18     15     -0.01154       0.03553
 18     16      0.01306       0.03569
 18     17      0.00504       0.03606
 18     18     -0.01800       0.03631
 19    -19      0.00059       0.03372
 19    -18     -0.01257       0.03368
 19    -17      0.00905       0.03321
 19    -16      0.00964       0.03317
 19    -15     -0.01772       0.03336
 19    -14     -0.01175       0.03364
 19    -13     -0.02774       0.03335
 19    -12     -0.01564       0.03370
 19    -11     -0.00265       0.03395
 19    -10     -0.01949       0.03371
 19     -9     -0.01147       0.03343
 19     -8      0.00269       0.03310
 19     -7      0.00449       0.03292
 19     -6      0.01125       0.03358
 19     -5     -0.00720       0.03364
 19     -4      0.00401       0.03369
 19     -3     -0.01421       0.03381
 19     -2      0.00506       0.03389
 19     -1     -0.02375       0.03357
 19      0      0.00323       0.03354
 19      1      0.01973       0.03406
 19      2      0.01005       0.03349
 19      3      0.00930       0.03381
 19      4     -0.00652       0.03347
 19      5      0.00392       0.03362
 19      6      0.02114       0.03321
 19      7      0.00453       0.03313
 19      8     -0.01295       0.03304
 19      9      0.00228       0.03344
 19     10     -0.01741       0.03357
 19     11     -0.00119       0.03355
 19     12      0.00104       0.03370
 19     13     -0.00377       0.03365
 19     14      0.00795       0.03324
 19     15     -0.00872       0.03327
 19     16      0.00845       0.03334
 19     17     -0.01457       0.03338
 19     18     -0.02451       0.03369
 19     19     -0.01687       0.03385
 20    -20      0.00598       0.03172
 20    -19     -0.02168       0.03157
 20    -18     -0.00198       0.03135
 20    -17      0.00889       0.03113
 20    -16     -0.03076       0.03113
 20    -15      0.01278       0.03131
 20    -14     -0.00316       0.03146
 20    -13     -0.00159       0.03144
 20    -12     -0.01772       0.03171
 20    -11     -0.00205       0.03167
 20    -10     -0.00098       0.03155
 20     -9     -0.00987       0.03105
 20     -8     -0.01947       0.03089
 20     -7      0.00625       0.03103
 20     -6      0.01460       0.03152
 20     -5     -0.00416       0.03137
 20     -4      0.00289       0.03177
 20     -3      0.02177       0.03140
 20     -2     -0.01631       0.03184
 20     -1     -0.00072       0.03125
 20      0      0.00465       0.03160
 20      1     -0.01939       0.03168
 20      2      0.01814       0.03157
 20      3     -0.00147       0.03161
 20      4     -0.00758       0.03146
 20      5     -0.02246       0.03138
 20      6     -0.00838       0.03142
 20      7      0.01319       0.03109
 20      8      0.02337       0.03101
 20      9      0.00495       0.03128
 20     10      0.01878       0.03134
 20     11     -0.02100       0.03144
 20     12      0.02017       0.03152
 20     13      0.01708       0.03159
 20     14     -0.01090       0.03123
 20     15      0.00739       0.03133
 20     16     -0.00142       0.03127
 20     17      0.01463       0.03122
 20     18     -0.02701       0.03111
 20     19      0.00027       0.03156
 20     20      0.00984       0.03155
 21    -21     -0.00885       0.02968
 21    -20     -0.00391       0.02963
 21    -19     -0.00152       0.02932
 21    -18      0.00399       0.02933
 21    -17      0.00186       0.02930
 21    -16     -0.00800       0.02938
 21    -15      0.02554       0.02949
 21    -14     -0.00214       0.02967
 21    -13     -0.00018       0.02957
 21    -12     -0.01497       0.02968
 21    -11     -0.00970       0.02968
 21    -10      0.00008       0.02943
 21     -9     -0.01070       0.02914
 21     -8     -0.01655       0.02905
 21     -7      0.00683       0.02936
 21     -6      0.01861       0.02961
 21     -5      0.00801       0.02955
 21     -4      0.00759       0.02975
 21     -3     -0.01933       0.02957
 21     -2     -0.00467       0.02984
 21     -1      0.01223       0.02930
 21      0     -0.00017       0.02970
 21      1     -0.01387       0.02972
 21      2      0.00639       0.02963
 21      3      0.01140       0.02967
 21      4      0.01229       0.02948
 21      5     -0.00233       0.02958
 21      6     -0.02090       0.02931
 21      7     -0.00759       0.02949
 21      8      0.01663       0.02904
 21      9      0.02377       0.02927
 21     10     -0.00105       0.02939
 21     11      0.00288       0.02952
 21     12      0.00270       0.02961
 21     13      0.01200       0.02977
 21     14      0.00312       0.02941
 21     15      0.01092       0.02933
 21     16     -0.00112       0.02942
 21     17     -0.00434       0.02928
 21     18     -0.00249       0.02927
 21     19     -0.01101       0.02940
 21     20      0.01559       0.02966
 21     21      0.01389       0.02969
 22    -22     -0.02996       0.02793
 22    -21     -0.00678       0.02793
 22    -20      0.00573       0.02772
 22    -19     -0.01514       0.02744
 22    -18      0.00384       0.02746
 22    -17      0.00736       0.02764
 22    -16      0.01794       0.02765
 22    -15      0.02380       0.02787
 22    -14      0.02812       0.02798
 22    -13     -0.01526       0.02780
 22    -12     -0.00212       0.02787
 22    -11      0.01731       0.02795
 22    -10      0.00174       0.02768
 22     -9      0.00026       0.02741
 22     -8      0.01147       0.02755
 22     -7     -0.00076       0.02771
 22     -6      0.01162       0.02791
 22     -5      0.00634       0.02789
 22     -4     -0.01655       0.02793
 22     -3     -0.00789       0.02788
 22     -2      0.00005       0.02796
 22     -1      0.00150       0.02763
 22      0     -0.01636       0.02788
 22      1      0.00261       0.02802
 22      2     -0.01030       0.02781
 22      3     -0.00242       0.02803
 22      4     -0.00249       0.02767
 22      5      0.00367       0.02787
 22      6      0.00468       0.02755
 22      7     -0.01322       0.02775
 22      8     -0.00269       0.02750
 22      9      0.00646       0.02732
 22     10      0.02703       0.02759
 22     11      0.01134       0.02758
 22     12     -0.00473       0.02792
 22     13      0.00903       0.02801
 22     14      0.00393       0.02782
 22     15     -0.00103       0.02765
 22     16     -0.00625       0.02769
 22     17     -0.01101       0.02769
 22     18     -0.00275       0.02768
 22     19     -0.00418       0.02775
 22     20      0.01436       0.02760
 22     21      0.00308       0.02787
 22     22      0.00317       0.02792
 23    -23     -0.02659       0.02633
 23    -22     -0.00492       0.02632
 23    -21      0.00088       0.02610
 23    -20     -0.00209       0.02611
 23    -19     -0.00282       0.02586
 23    -18     -0.01673       0.02600
 23    -17      0.01091       0.02609
 23    -16      0.01886       0.02618
 23    -15     -0.00033       0.02637
 23    -14     -0.00214       0.02634
 23    -13     -0.00275       0.02628
 23    -12      0.01295       0.02628
 23    -11      0.00189       0.02632
 23    -10      0.00576       0.02600
 23     -9      0.01814       0.02580
 23     -8      0.00018       0.02614
 23     -7      0.00829       0.02613
 23     -6      0.00889       0.02633
 23     -5     -0.00713       0.02624
 23     -4      0.00649       0.02631
 23     -3      0.01185       0.02628
 23     -2      0.01711       0.02634
 23     -1     -0.01397       0.02608
 23      0     -0.01926       0.02630
 23      1      0.01650       0.02640
 23      2      0.00135       0.02621
 23      3     -0.00515       0.02642
 23      4     -0.00008       0.02620
 23      5     -0.00318       0.02623
 23      6      0.00487       0.02615
 23      7     -0.01665       0.02611
 23      8     -0.00454       0.02607
 23      9      0.00316       0.02591
 23     10     -0.00079       0.02586
 23     11      0.02727       0.02601
 23     12      0.01153       0.02619
 23     13     -0.00510       0.02637
 23     14      0.00312       0.02628
 23     15      0.00817       0.02620
 23     16     -0.00204       0.02611
 23     17     -0.02423       0.02610
 23     18      0.01624       0.02618
 23     19      0.00606       0.02615
 23     20      0.01069       0.02599
 23     21      0.00163       0.02612
 23     22      0.00541       0.02631
 23     23     -0.00423       0.02632
 24    -24     -0.01030       0.02499
 24    -23     -0.00241       0.02490
 24    -22     -0.00490       0.02475
 24    -21      0.01091       0.02465
 24    -20      0.00231       0.02468
 24    -19     -0.02261       0.02459
 24    -18     -0.00491       0.02461
 24    -17      0.01260       0.02459
 24    -16      0.00741       0.02483
 24    -15     -0.00605       0.02492
 24    -14     -0.00790       0.02493
 24    -13      0.01307       0.02475
 24    -12      0.01626       0.02485
 24    -11      0.01031       0.02476
 24    -10     -0.00160       0.02452
 24     -9     -0.00084       0.02459
 24     -8     -0.00401       0.02475
 24     -7      0.00631       0.02478
 24     -6      0.00160       0.02487
 24     -5      0.00957       0.02482
 24     -4      0.00575       0.02493
 24     -3      0.00780       0.02486
 24     -2     -0.00379       0.02487
 24     -1     -0.02072       0.02457
 24      0     -0.00707       0.02484
 24      1     -0.00032       0.02501
 24      2      0.01232       0.02477
 24      3      0.00065       0.02491
 24      4      0.00874       0.02475
 24      5     -0.00013       0.02473
 24      6      0.00320       0.02473
 24      7     -0.01529       0.02467
 24      8     -0.00342       0.02459
 24      9     -0.00366       0.02458
 24     10      0.00608       0.02434
 24     11      0.02063       0.02452
 24     12      0.00214       0.02472
 24     13     -0.01016       0.02490
 24     14     -0.00561       0.02483
 24     15     -0.00486       0.02478
 24     16     -0.00854       0.02478
 24     17     -0.01547       0.02478
 24     18     -0.00630       0.02472
 24     19      0.00698       0.02470
 24     20      0.01488       0.02448
 24     21      0.00362       0.02463
 24     22     -0.00500       0.02463
 24     23     -0.00210       0.02484
 24     24     -0.00968       0.02474
 25    -25      0.00105       0.02345
 25    -24     -0.00045       0.02355
 25    -23     -0.00758       0.02340
 25    -22      0.00287       0.02335
 25    -21     -0.00624       0.02332
 25    -20     -0.01688       0.02336
 25    -19     -0.00668       0.02331
 25    -18      0.00356       0.02330
 25    -17      0.01225       0.02342
 25    -16     -0.00030       0.02347
 25    -15     -0.00536       0.02358
 25    -14      0.00405       0.02354
 25    -13      0.01481       0.02346
 25    -12     -0.00366       0.02352
 25    -11     -0.00276       0.02332
 25    -10      0.00171       0.02331
 25     -9     -0.01889       0.02335
 25     -8     -0.00640       0.02341
 25     -7      0.01314       0.02346
 25     -6     -0.00609       0.02353
 25     -5     -0.00512       0.02344
 25     -4     -0.00009       0.02362
 25     -3     -0.00693       0.02348
 25     -2     -0.01693       0.02352
 25     -1     -0.00296       0.02327
 25      0      0.00080       0.02354
 25      1     -0.00199       0.02361
 25      2     -0.00508       0.02350
 25      3     -0.00474       0.02357
 25      4     -0.00238       0.02345
 25      5      0.00352       0.02349
 25      6     -0.00233       0.02340
 25      7     -0.01029       0.02344
 25      8     -0.03334       0.02334
 25      9      0.01164       0.02332
 25     10     -0.00655       0.02311
 25     11     -0.00184       0.02309
 25     12      0.01190       0.02337
 25     13      0.00415       0.02352
 25     14     -0.00419       0.02351
 25     15     -0.00231       0.02352
 25     16     -0.00365       0.02356
 25     17      0.00381       0.02350
 25     18     -0.00125       0.02341
 25     19      0.00140       0.02340
 25     20      0.00237       0.02331
 25     21      0.02038       0.02326
 25     22     -0.00000       0.02335
 25     23      0.00566       0.02340
 25     24     -0.00792       0.02353
 25     25      0.00070       0.02362
 26    -26      0.00573       0.02239
 26    -25      0.00826       0.02230
 26    -24      0.00215       0.02220
 26    -23      0.00542       0.02220
 26    -22      0.00445       0.02206
 26    -21      0.00284       0.02215
 26    -20      0.00303       0.02219
 26    -19      0.00523       0.02211
 26    -18      0.00211       0.02219
 26    -17     -0.00782       0.02227
 26    -16      0.00015       0.02231
 26    -15      0.00649       0.02239
 26    -14      0.00330       0.02229
 26    -13      0.00043       0.02228
 26    -12      0.01130       0.02215
 26    -11      0.00014       0.02212
 26    -10     -0.01060       0.02215
 26     -9     -0.01466       0.02214
 26     -8      0.00687       0.02217
 26     -7      0.00320       0.02226
 26     -6     -0.00199       0.02231
 26     -5     -0.01266       0.02226
 26     -4      0.00053       0.02236
 26     -3     -0.00209       0.02230
 26     -2      0.00105       0.02231
 26     -1     -0.00001       0.02211
 26      0      0.00390       0.02231
 26      1      0.00608       0.02240
 26      2      0.00157       0.02224
 26      3      0.00474       0.02235
 26      4     -0.00013       0.02226
 26      5      0.00255       0.02230
 26      6      0.00417       0.02217
 26      7     -0.00293       0.02224
 26      8     -0.00730       0.02225
 26      9     -0.00957       0.02216
 26     10      0.02481       0.02203
 26     11     -0.00583       0.02188
 26     12      0.00134       0.02208
 26     13      0.00396       0.02231
 26     14      0.01361       0.02227
 26     15     -0.00247       0.02226
 26     16     -0.00684       0.02234
 26     17     -0.00437       0.02229
 26     18      0.01194       0.02227
 26     19      0.00006       0.02219
 26     20      0.00912       0.02212
 26     21      0.00896       0.02211
 26     22      0.00877       0.02214
 26     23      0.00577       0.02213
 26     24     -0.00578       0.02220
 26     25     -0.00561       0.02235
 26     26      0.00790       0.02224
 27    -27      0.00354       0.02124
 27    -26     -0.00478       0.02127
 27    -25      0.00996       0.02114
 27    -24     -0.00244       0.02103
 27    -23     -0.00319       0.02105
 27    -22      0.00907       0.02104
 27    -21      0.00195       0.02106
 27    -20      0.00800       0.02105
 27    -19      0.00787       0.02108
 27    -18      0.00287       0.02117
 27    -17      0.00675       0.02115
 27    -16      0.00447       0.02119
 27    -15     -0.00158       0.02119
 27    -14      0.00012       0.02121
 27    -13      0.00613       0.02108
 27    -12      0.00497       0.02099
 27    -11     -0.00952       0.02105
 27    -10     -0.01580       0.02104
 27     -9     -0.01286       0.02112
 27     -8      0.00294       0.02114
 27     -7      0.00320       0.02111
 27     -6      0.00366       0.02123
 27     -5      0.00373       0.02120
 27     -4      0.00180       0.02117
 27     -3      0.00632       0.02121
 27     -2     -0.00947       0.02111
 27     -1     -0.00634       0.02111
 27      0      0.00467       0.02111
 27      1     -0.00505       0.02133
 27      2      0.00208       0.02107
 27      3      0.00568       0.02130
 27      4      0.01036       0.02114
 27      5     -0.00473       0.02121
 27      6     -0.00678       0.02102
 27      7      0.00214       0.02116
 27      8      0.00450       0.02110
 27      9     -0.01128       0.02103
 27     10      0.01663       0.02100
 27     11      0.01427       0.02086
 27     12      0.00223       0.02091
 27     13      0.00478       0.02114
 27     14      0.00922       0.02119
 27     15      0.00254       0.02115
 27     16      0.00631       0.02125
 27     17     -0.00109       0.02125
 27     18      0.00377       0.02114
 27     19     -0.00382       0.02113
 27     20      0.01266       0.02103
 27     21      0.01203       0.02105
 27     22     -0.00303       0.02102
 27     23     -0.00038       0.02098
 27     24     -0.00008       0.02112
 27     25     -0.01241       0.02106
 27     26      0.00901       0.02115
 27     27      0.00897       0.02115
 28    -28      0.00242       0.02014
 28    -27     -0.00535       0.02019
 28    -26      0.00647       0.02009
 28    -25      0.00301       0.02008
 28    -24     -0.00110       0.01999
 28    -23      0.01216       0.02002
 28    -22      0.01352       0.02003
 28    -21      0.00144       0.02002
 28    -20      0.00317       0.02008
 28    -19      0.00734       0.02011
 28    -18     -0.00281       0.02019
 28    -17      0.00423       0.02017
 28    -16     -0.00250       0.02014
 28    -15     -0.00022       0.02020
 28    -14     -0.00037       0.02017
 28    -13      0.00940       0.02000
 28    -12      0.00449       0.01997
 28    -11     -0.00067       0.02009
 28    -10     -0.00812       0.02006
 28     -9      0.01312       0.02010
 28     -8      0.00716       0.02012
 28     -7      0.00621       0.02004
 28     -6      0.00171       0.02025
 28     -5      0.00828       0.02009
 28     -4      0.00660       0.02021
 28     -3     -0.00290       0.02009
 28     -2     -0.01032       0.02015
 28     -1     -0.01026       0.02003
 28      0      0.00654       0.02015
 28      1      0.00471       0.02022
 28      2     -0.00780       0.02013
 28      3     -0.00290       0.02019
 28      4      0.00732       0.02022
 28      5      0.00259       0.02010
 28      6     -0.00006       0.02011
 28      7     -0.01508       0.02008
 28      8     -0.00210       0.02014
 28      9     -0.00887       0.02001
 28     10     -0.00339       0.02002
 28     11      0.01719       0.01985
 28     12      0.00944       0.01992
 28     13     -0.00358       0.02000
 28     14     -0.00960       0.02014
 28     15      0.00086       0.02015
 28     16      0.00403       0.02016
 28     17      0.00041       0.02022
 28     18      0.00279       0.02012
 28     19      0.00145       0.02012
 28     20      0.00351       0.02007
 28     21      0.01528       0.02003
 28     22     -0.00252       0.02005
 28     23      0.00199       0.02000
 28     24     -0.00330       0.02002
 28     25      0.00177       0.02005
 28     26      0.00815       0.02008
 28     27      0.00513       0.02018
 28     28      0.00639       0.02019
 29    -29      0.00201       0.01926
 29    -28     -0.00334       0.01922
 29    -27      0.00387       0.01918
 29    -26      0.00051       0.01914
 29    -25      0.00437       0.01907
 29    -24      0.00267       0.01907
 29    -23      0.00484       0.01915
 29    -22      0.00948       0.01906
 29    -21     -0.00238       0.01916
 29    -20      0.00712       0.01916
 29    -19      0.00189       0.01919
 29    -18      0.00088       0.01924
 29    -17      0.00255       0.01920
 29    -16     -0.00123       0.01920
 29    -15      0.00185       0.01927
 29    -14      0.01570       0.01910
 29    -13      0.00231       0.01905
 29    -12     -0.00661       0.01903
 29    -11     -0.00273       0.01918
 29    -10     -0.00339       0.01911
 29     -9      0.00877       0.01921
 29     -8     -0.00520       0.01910
 29     -7     -0.00133       0.01919
 29     -6     -0.00221       0.01923
 29     -5      0.00711       0.01915
 29     -4     -0.01020       0.01929
 29     -3      0.00404       0.01913
 29     -2     -0.00990       0.01919
 29     -1      0.00012       0.01904
 29      0      0.01056       0.01923
 29      1      0.00637       0.01926
 29      2      0.00502       0.01924
 29      3     -0.01177       0.01921
 29      4      0.00279       0.01924
 29      5      0.01029       0.01922
 29      6      0.00431       0.01914
 29      7      0.00279       0.01920
 29      8     -0.00937       0.01912
 29      9      0.00148       0.01918
 29     10     -0.01786       0.01904
 29     11      0.00706       0.01899
 29     12      0.01350       0.01899
 29     13      0.01459       0.01904
 29     14     -0.00080       0.01915
 29     15     -0.01195       0.01921
 29     16      0.00327       0.01922
 29     17     -0.00190       0.01923
 29     18      0.00184       0.01925
 29     19      0.00158       0.01920
 29     20      0.00010       0.01917
 29     21      0.00243       0.01908
 29     22      0.00283       0.01911
 29     23      0.00191       0.01905
 29     24      0.00090       0.01908
 29     25     -0.00361       0.01910
 29     26      0.00871       0.01913
 29     27      0.01371       0.01911
 29     28     -0.01189       0.01925
 29     29     -0.00175       0.01917
 30    -30     -0.00096       0.01830
 30    -29     -0.00614       0.01835
 30    -28      0.00470       0.01829
 30    -27      0.00216       0.01829
 30    -26     -0.00306       0.01822
 30    -25     -0.00581       0.01817
 30    -24      0.00430       0.01822
 30    -23      0.00552       0.01823
 30    -22      0.00295       0.01825
 30    -21     -0.00539       0.01831
 30    -20      0.00246       0.01829
 30    -19      0.00201       0.01837
 30    -18     -0.00565       0.01837
 30    -17     -0.00549       0.01829
 30    -16      0.00107       0.01835
 30    -15     -0.00045       0.01833
 30    -14      0.00286       0.01822
 30    -13     -0.00309       0.01816
 30    -12      0.00433       0.01825
 30    -11     -0.00336       0.01828
 30    -10      0.00282       0.01829
 30     -9     -0.00279       0.01827
 30     -8     -0.00623       0.01825
 30     -7      0.00360       0.01836
 30     -6      0.00672       0.01832
 30     -5     -0.00468       0.01832
 30     -4     -0.00271       0.01838
 30     -3     -0.01271       0.01828
 30     -2     -0.00013       0.01832
 30     -1      0.00342       0.01821
 30      0     -0.00101       0.01834
 30      1      0.00240       0.01838
 30      2      0.00672       0.01832
 30      3     -0.00167       0.01836
 30      4     -0.00403       0.01831
 30      5      0.00288       0.01839
 30      6      0.00641       0.01823
 30      7     -0.00118       0.01832
 30      8     -0.01110       0.01827
 30      9     -0.00115       0.01827
 30     10     -0.00072       0.01829
 30     11      0.00091       0.01809
 30     12      0.00438       0.01817
 30     13      0.00301       0.01813
 30     14     -0.00209       0.01824
 30     15     -0.00387       0.01828
 30     16     -0.00260       0.01839
 30     17     -0.00674       0.01836
 30     18     -0.00430       0.01832
 30     19      0.00581       0.01834
 30     20      0.00847       0.01832
 30     21     -0.00528       0.01825
 30     22     -0.00316       0.01823
 30     23     -0.00544       0.01820
 30     24     -0.00338       0.01824
 30     25     -0.00483       0.01824
 30     26      0.00711       0.01822
 30     27      0.01052       0.01825
 30     28      0.00367       0.01826
 30     29     -0.00728       0.01836
 30     30     -0.00022       0.01837
