# Valentine & Davies -- Global models from sparse data: A robust estimate
#                       of Earth's residual topography spectrum
#
# Spherical harmonic expansion coefficients for mean of posterior Gaussian
# Process model derived from all spot and shiptrack data.
#
# NB. This file contains only (the square root of) the diagonal elements of
#     the posterior covariance matrix. The full posterior covariance matrix
#     can be generated using the code accompaning this paper.
#
# l - spherical harmonic degree
# m - spherical harmonic order
# y - spherical harmonic expansion coefficient (y_i, eq. 12)
# s - standard error on coefficient (sqrt(Sigma_{ii}), eq. 12)
#
# l      m         y            s
  1     -1      0.20660       0.06855
  1      0     -0.31628       0.10653
  1      1      0.01955       0.08892
  2     -2      0.62062       0.07472
  2     -1      0.08653       0.06475
  2      0     -0.09597       0.09811
  2      1     -0.03900       0.11453
  2      2      0.34838       0.07049
  3     -3     -0.57029       0.06731
  3     -2     -0.05755       0.08990
  3     -1      0.22907       0.06992
  3      0      0.05153       0.09024
  3      1     -0.00111       0.11136
  3      2     -0.33455       0.07180
  3      3      0.12222       0.06855
  4     -4      0.10015       0.05594
  4     -3     -0.06780       0.07274
  4     -2     -0.07072       0.09059
  4     -1      0.25456       0.07279
  4      0      0.28333       0.08841
  4      1     -0.07213       0.09576
  4      2     -0.22432       0.07547
  4      3     -0.11487       0.07178
  4      4     -0.00754       0.07128
  5     -5     -0.02576       0.05846
  5     -4     -0.06115       0.06486
  5     -3     -0.01687       0.07162
  5     -2     -0.04088       0.08304
  5     -1      0.21537       0.06311
  5      0     -0.17509       0.08667
  5      1     -0.06887       0.08888
  5      2     -0.26696       0.07523
  5      3     -0.19452       0.07459
  5      4     -0.30539       0.06594
  5      5     -0.00045       0.06240
  6     -6     -0.18269       0.05943
  6     -5      0.14774       0.05816
  6     -4      0.01844       0.06057
  6     -3      0.13841       0.06971
  6     -2      0.09440       0.07329
  6     -1      0.31706       0.06118
  6      0      0.17497       0.08203
  6      1     -0.00212       0.08100
  6      2     -0.15365       0.07135
  6      3     -0.15321       0.07139
  6      4     -0.14390       0.06834
  6      5     -0.16977       0.06163
  6      6     -0.19713       0.05425
  7     -7     -0.11434       0.05688
  7     -6      0.00167       0.05505
  7     -5     -0.09186       0.05792
  7     -4     -0.23481       0.06050
  7     -3      0.00437       0.06489
  7     -2      0.05642       0.06697
  7     -1      0.13727       0.06005
  7      0     -0.21938       0.07528
  7      1     -0.05144       0.07523
  7      2     -0.00740       0.06405
  7      3      0.02004       0.06647
  7      4     -0.01053       0.06376
  7      5     -0.01752       0.05767
  7      6     -0.02999       0.05543
  7      7      0.08954       0.04953
  8     -8     -0.11505       0.05157
  8     -7     -0.12404       0.05454
  8     -6      0.07952       0.05336
  8     -5     -0.04412       0.05365
  8     -4      0.03729       0.05724
  8     -3      0.15331       0.05866
  8     -2      0.06353       0.06250
  8     -1      0.09599       0.05672
  8      0     -0.12237       0.06802
  8      1      0.03771       0.07106
  8      2     -0.12331       0.05802
  8      3      0.10014       0.06061
  8      4     -0.18956       0.06017
  8      5      0.09469       0.05618
  8      6     -0.15995       0.05137
  8      7     -0.17716       0.04726
  8      8      0.01161       0.04793
  9     -9      0.17310       0.04683
  9     -8     -0.07667       0.04680
  9     -7     -0.01991       0.04906
  9     -6      0.03687       0.05000
  9     -5      0.12753       0.05219
  9     -4      0.05331       0.05320
  9     -3     -0.03957       0.05452
  9     -2      0.10162       0.05746
  9     -1     -0.09204       0.05394
  9      0      0.00408       0.06114
  9      1     -0.08531       0.06573
  9      2      0.11368       0.05451
  9      3      0.08722       0.05445
  9      4      0.03610       0.05424
  9      5      0.01653       0.05249
  9      6      0.05748       0.04790
  9      7     -0.05108       0.04673
  9      8      0.01777       0.04750
  9      9     -0.01460       0.04579
 10    -10      0.07060       0.04187
 10     -9      0.07361       0.04515
 10     -8     -0.01477       0.04415
 10     -7      0.05922       0.04439
 10     -6     -0.01644       0.04715
 10     -5     -0.06314       0.04829
 10     -4     -0.05593       0.04856
 10     -3     -0.04718       0.04965
 10     -2      0.08343       0.05429
 10     -1     -0.13825       0.04926
 10      0      0.08777       0.05609
 10      1     -0.06940       0.05965
 10      2     -0.20027       0.05163
 10      3     -0.00882       0.04966
 10      4     -0.02678       0.05009
 10      5     -0.02341       0.04814
 10      6      0.04012       0.04641
 10      7      0.06020       0.04377
 10      8      0.11624       0.04403
 10      9     -0.00953       0.04187
 10     10      0.03628       0.04404
 11    -11     -0.12093       0.03985
 11    -10      0.02720       0.03868
 11     -9      0.05710       0.04160
 11     -8      0.01594       0.04014
 11     -7      0.06366       0.04300
 11     -6     -0.16265       0.04362
 11     -5      0.04325       0.04490
 11     -4     -0.01595       0.04402
 11     -3      0.00397       0.04746
 11     -2     -0.09587       0.04952
 11     -1     -0.11533       0.04622
 11      0      0.06141       0.05028
 11      1      0.01931       0.05504
 11      2     -0.06898       0.04782
 11      3     -0.01852       0.04614
 11      4      0.03282       0.04520
 11      5      0.03622       0.04438
 11      6      0.03984       0.04304
 11      7      0.00823       0.04105
 11      8      0.11046       0.04001
 11      9      0.12664       0.03982
 11     10      0.04042       0.04164
 11     11      0.04839       0.03975
 12    -12     -0.07155       0.03646
 12    -11     -0.02551       0.03697
 12    -10     -0.02088       0.03733
 12     -9     -0.11818       0.03731
 12     -8      0.00513       0.03854
 12     -7     -0.06857       0.03963
 12     -6      0.06083       0.04076
 12     -5     -0.04518       0.04046
 12     -4      0.03833       0.04081
 12     -3      0.00025       0.04402
 12     -2      0.03400       0.04567
 12     -1     -0.07599       0.04333
 12      0     -0.01151       0.04533
 12      1     -0.07075       0.05022
 12      2      0.00714       0.04434
 12      3      0.03237       0.04310
 12      4      0.02775       0.04223
 12      5     -0.08615       0.04056
 12      6     -0.04364       0.04002
 12      7      0.08953       0.03858
 12      8      0.03580       0.03748
 12      9     -0.04619       0.03616
 12     10      0.01526       0.03805
 12     11      0.09846       0.03721
 12     12     -0.05596       0.03723
 13    -13     -0.01033       0.03404
 13    -12     -0.10376       0.03413
 13    -11     -0.03802       0.03499
 13    -10      0.02778       0.03382
 13     -9     -0.04189       0.03455
 13     -8     -0.01450       0.03552
 13     -7      0.01043       0.03677
 13     -6      0.07277       0.03724
 13     -5      0.10577       0.03709
 13     -4     -0.01335       0.03850
 13     -3     -0.11319       0.04114
 13     -2     -0.04674       0.04203
 13     -1     -0.06254       0.04025
 13      0      0.10857       0.04134
 13      1     -0.06094       0.04552
 13      2      0.07580       0.04163
 13      3      0.06053       0.03964
 13      4     -0.01385       0.03915
 13      5      0.14591       0.03759
 13      6     -0.03860       0.03670
 13      7     -0.00381       0.03647
 13      8     -0.05738       0.03543
 13      9      0.04800       0.03467
 13     10      0.00141       0.03400
 13     11     -0.01268       0.03488
 13     12      0.11927       0.03436
 13     13      0.00978       0.03420
 14    -14     -0.09293       0.03148
 14    -13      0.00641       0.03139
 14    -12     -0.03831       0.03225
 14    -11     -0.02779       0.03164
 14    -10      0.03096       0.03158
 14     -9      0.03142       0.03248
 14     -8      0.01968       0.03352
 14     -7     -0.00276       0.03408
 14     -6     -0.02807       0.03435
 14     -5     -0.02362       0.03469
 14     -4      0.06354       0.03612
 14     -3     -0.01483       0.03778
 14     -2      0.01119       0.03921
 14     -1     -0.10745       0.03624
 14      0     -0.02565       0.03838
 14      1     -0.00376       0.04153
 14      2      0.00890       0.03904
 14      3     -0.03251       0.03693
 14      4     -0.04341       0.03661
 14      5      0.02994       0.03482
 14      6      0.05280       0.03368
 14      7     -0.04935       0.03355
 14      8     -0.02433       0.03313
 14      9      0.01278       0.03224
 14     10      0.05980       0.03188
 14     11     -0.05456       0.03127
 14     12      0.03002       0.03256
 14     13      0.01650       0.03191
 14     14      0.00087       0.03178
 15    -15     -0.02200       0.02891
 15    -14      0.09058       0.02924
 15    -13     -0.06230       0.02981
 15    -12      0.04092       0.02920
 15    -11     -0.01792       0.02965
 15    -10     -0.07040       0.02975
 15     -9     -0.00877       0.03055
 15     -8      0.03048       0.03100
 15     -7      0.04374       0.03158
 15     -6      0.02694       0.03150
 15     -5     -0.07404       0.03266
 15     -4     -0.01883       0.03373
 15     -3     -0.01895       0.03541
 15     -2      0.07640       0.03637
 15     -1      0.01086       0.03311
 15      0      0.09306       0.03557
 15      1     -0.04662       0.03807
 15      2      0.03156       0.03607
 15      3      0.04103       0.03458
 15      4      0.00936       0.03375
 15      5      0.04320       0.03277
 15      6      0.00815       0.03143
 15      7      0.03033       0.03090
 15      8      0.04393       0.03101
 15      9     -0.00420       0.03037
 15     10     -0.01165       0.02962
 15     11      0.05234       0.02888
 15     12     -0.00457       0.02938
 15     13     -0.03305       0.03038
 15     14     -0.05686       0.02938
 15     15     -0.05523       0.02984
 16    -16      0.03432       0.02725
 16    -15      0.09805       0.02690
 16    -14      0.05330       0.02782
 16    -13      0.01817       0.02709
 16    -12      0.01927       0.02677
 16    -11      0.05858       0.02775
 16    -10      0.03646       0.02809
 16     -9     -0.00796       0.02851
 16     -8      0.00577       0.02891
 16     -7     -0.03389       0.02902
 16     -6      0.07862       0.02967
 16     -5     -0.04463       0.03082
 16     -4     -0.00730       0.03130
 16     -3     -0.01646       0.03314
 16     -2     -0.00558       0.03357
 16     -1      0.04796       0.03054
 16      0     -0.03775       0.03285
 16      1     -0.06109       0.03530
 16      2     -0.02129       0.03311
 16      3     -0.02384       0.03258
 16      4     -0.02288       0.03162
 16      5     -0.04608       0.03043
 16      6     -0.01174       0.02944
 16      7     -0.02211       0.02868
 16      8      0.02562       0.02869
 16      9     -0.02059       0.02851
 16     10      0.05660       0.02783
 16     11      0.01954       0.02701
 16     12     -0.04854       0.02750
 16     13      0.03348       0.02760
 16     14     -0.03910       0.02813
 16     15      0.08417       0.02748
 16     16      0.04459       0.02745
 17    -17     -0.07000       0.02547
 17    -16      0.00205       0.02541
 17    -15     -0.00912       0.02598
 17    -14     -0.03267       0.02550
 17    -13      0.02895       0.02509
 17    -12     -0.01642       0.02520
 17    -11     -0.10171       0.02616
 17    -10     -0.02665       0.02631
 17     -9     -0.02154       0.02652
 17     -8      0.02017       0.02671
 17     -7     -0.02003       0.02716
 17     -6     -0.02482       0.02796
 17     -5      0.00871       0.02865
 17     -4      0.00665       0.02951
 17     -3      0.05196       0.03079
 17     -2     -0.03979       0.03109
 17     -1     -0.03365       0.02833
 17      0     -0.00922       0.03056
 17      1     -0.06952       0.03250
 17      2      0.03987       0.03075
 17      3     -0.00020       0.03042
 17      4      0.02871       0.02981
 17      5      0.06192       0.02843
 17      6     -0.04771       0.02778
 17      7     -0.00058       0.02673
 17      8     -0.04216       0.02666
 17      9     -0.01229       0.02671
 17     10     -0.04078       0.02628
 17     11      0.02022       0.02541
 17     12      0.02747       0.02557
 17     13      0.00046       0.02546
 17     14      0.03689       0.02567
 17     15     -0.02494       0.02610
 17     16     -0.00848       0.02518
 17     17     -0.01672       0.02557
 18    -18      0.02837       0.02346
 18    -17      0.02108       0.02360
 18    -16      0.01689       0.02432
 18    -15     -0.05099       0.02392
 18    -14     -0.03637       0.02358
 18    -13     -0.03729       0.02360
 18    -12     -0.03175       0.02355
 18    -11     -0.02969       0.02468
 18    -10     -0.00384       0.02452
 18     -9      0.00706       0.02491
 18     -8      0.01882       0.02478
 18     -7     -0.01596       0.02546
 18     -6     -0.00279       0.02622
 18     -5      0.00095       0.02702
 18     -4     -0.02234       0.02773
 18     -3     -0.01821       0.02860
 18     -2      0.02938       0.02894
 18     -1     -0.05700       0.02627
 18      0      0.04639       0.02860
 18      1     -0.03325       0.02993
 18      2      0.00924       0.02866
 18      3      0.05139       0.02835
 18      4     -0.00932       0.02812
 18      5     -0.05086       0.02667
 18      6      0.02775       0.02598
 18      7      0.03137       0.02547
 18      8     -0.05269       0.02487
 18      9     -0.03922       0.02469
 18     10     -0.05024       0.02477
 18     11     -0.01871       0.02400
 18     12     -0.01790       0.02420
 18     13     -0.00346       0.02370
 18     14      0.00665       0.02365
 18     15      0.00845       0.02404
 18     16      0.01997       0.02425
 18     17     -0.01752       0.02358
 18     18     -0.02713       0.02429
 19    -19      0.00119       0.02241
 19    -18     -0.01752       0.02180
 19    -17     -0.01142       0.02273
 19    -16      0.00115       0.02269
 19    -15     -0.00766       0.02223
 19    -14     -0.03715       0.02214
 19    -13     -0.06690       0.02209
 19    -12      0.01095       0.02248
 19    -11      0.02394       0.02303
 19    -10     -0.05450       0.02306
 19     -9     -0.03113       0.02326
 19     -8      0.04429       0.02338
 19     -7      0.03538       0.02406
 19     -6     -0.01980       0.02455
 19     -5     -0.00915       0.02561
 19     -4      0.01215       0.02586
 19     -3     -0.04870       0.02687
 19     -2      0.01251       0.02673
 19     -1     -0.02583       0.02469
 19      0     -0.03391       0.02653
 19      1      0.02493       0.02797
 19      2     -0.01742       0.02650
 19      3     -0.01275       0.02667
 19      4      0.04450       0.02628
 19      5      0.02182       0.02535
 19      6      0.05723       0.02437
 19      7      0.03179       0.02398
 19      8     -0.00855       0.02339
 19      9     -0.02613       0.02288
 19     10     -0.00891       0.02314
 19     11      0.04737       0.02273
 19     12     -0.00473       0.02274
 19     13     -0.00519       0.02232
 19     14      0.02506       0.02210
 19     15      0.02596       0.02203
 19     16     -0.02304       0.02234
 19     17     -0.00688       0.02264
 19     18     -0.05133       0.02232
 19     19      0.01253       0.02238
 20    -20      0.00976       0.02143
 20    -19     -0.01660       0.02087
 20    -18      0.00870       0.02121
 20    -17      0.03373       0.02116
 20    -16      0.00575       0.02086
 20    -15     -0.02847       0.02069
 20    -14     -0.00843       0.02076
 20    -13      0.05254       0.02104
 20    -12     -0.05163       0.02122
 20    -11     -0.03002       0.02169
 20    -10      0.04780       0.02163
 20     -9     -0.01440       0.02163
 20     -8     -0.06883       0.02219
 20     -7     -0.03165       0.02247
 20     -6      0.04316       0.02329
 20     -5      0.03240       0.02407
 20     -4      0.02123       0.02444
 20     -3      0.00065       0.02515
 20     -2     -0.03433       0.02494
 20     -1      0.00366       0.02322
 20      0      0.06069       0.02479
 20      1     -0.04640       0.02598
 20      2      0.04762       0.02471
 20      3     -0.00222       0.02484
 20      4     -0.06155       0.02472
 20      5     -0.03113       0.02380
 20      6      0.01463       0.02324
 20      7      0.00579       0.02251
 20      8      0.02183       0.02220
 20      9      0.05376       0.02164
 20     10      0.00153       0.02153
 20     11     -0.06685       0.02140
 20     12      0.02259       0.02140
 20     13      0.05445       0.02111
 20     14     -0.06306       0.02070
 20     15      0.00775       0.02083
 20     16      0.01868       0.02072
 20     17      0.02466       0.02117
 20     18      0.03163       0.02125
 20     19     -0.01711       0.02051
 20     20      0.03189       0.02067
 21    -21     -0.00341       0.01994
 21    -20     -0.01584       0.01974
 21    -19     -0.05081       0.01990
 21    -18      0.01790       0.01985
 21    -17      0.00419       0.01961
 21    -16     -0.00579       0.01960
 21    -15      0.05271       0.01928
 21    -14      0.02243       0.01965
 21    -13      0.00402       0.01985
 21    -12     -0.02172       0.02009
 21    -11     -0.00579       0.02028
 21    -10      0.02277       0.02022
 21     -9     -0.02651       0.02056
 21     -8     -0.02672       0.02088
 21     -7      0.03984       0.02128
 21     -6     -0.02945       0.02210
 21     -5     -0.00910       0.02267
 21     -4      0.02018       0.02305
 21     -3      0.01886       0.02346
 21     -2     -0.00695       0.02324
 21     -1     -0.01400       0.02160
 21      0      0.00824       0.02322
 21      1     -0.06149       0.02443
 21      2     -0.04112       0.02322
 21      3      0.04135       0.02327
 21      4      0.02173       0.02329
 21      5      0.01041       0.02248
 21      6      0.00389       0.02196
 21      7     -0.07116       0.02138
 21      8      0.00756       0.02083
 21      9      0.02939       0.02059
 21     10      0.00151       0.02010
 21     11     -0.00103       0.02020
 21     12      0.00019       0.02014
 21     13      0.02478       0.01997
 21     14      0.01604       0.01975
 21     15     -0.02011       0.01957
 21     16     -0.00565       0.01948
 21     17      0.03188       0.01952
 21     18     -0.03300       0.02000
 21     19     -0.03753       0.01993
 21     20      0.00170       0.01917
 21     21      0.01103       0.01972
 22    -22     -0.05844       0.01877
 22    -21     -0.00889       0.01840
 22    -20      0.01660       0.01892
 22    -19      0.03218       0.01876
 22    -18     -0.00908       0.01833
 22    -17     -0.01693       0.01847
 22    -16      0.01812       0.01837
 22    -15      0.06869       0.01833
 22    -14      0.02814       0.01872
 22    -13      0.00835       0.01880
 22    -12     -0.03816       0.01897
 22    -11     -0.02531       0.01902
 22    -10     -0.00703       0.01917
 22     -9     -0.01706       0.01948
 22     -8      0.02509       0.01969
 22     -7      0.00157       0.02029
 22     -6      0.02864       0.02090
 22     -5     -0.03594       0.02148
 22     -4     -0.00059       0.02170
 22     -3      0.01447       0.02199
 22     -2     -0.01564       0.02185
 22     -1     -0.03846       0.02040
 22      0     -0.01814       0.02175
 22      1     -0.02410       0.02287
 22      2     -0.00707       0.02167
 22      3     -0.00591       0.02184
 22      4     -0.01641       0.02192
 22      5      0.00016       0.02124
 22      6      0.01314       0.02076
 22      7     -0.00669       0.02029
 22      8     -0.00669       0.01972
 22      9      0.03283       0.01940
 22     10      0.03451       0.01910
 22     11     -0.01323       0.01880
 22     12     -0.00836       0.01906
 22     13      0.00514       0.01884
 22     14      0.01402       0.01860
 22     15      0.00494       0.01859
 22     16     -0.01023       0.01817
 22     17     -0.02933       0.01839
 22     18      0.00903       0.01857
 22     19     -0.00871       0.01883
 22     20      0.01320       0.01852
 22     21      0.03836       0.01827
 22     22     -0.00032       0.01865
 23    -23     -0.01091       0.01775
 23    -22     -0.03175       0.01731
 23    -21     -0.00196       0.01764
 23    -20      0.00721       0.01785
 23    -19     -0.00624       0.01739
 23    -18      0.02658       0.01718
 23    -17      0.00306       0.01723
 23    -16     -0.01150       0.01739
 23    -15      0.00077       0.01745
 23    -14      0.00149       0.01763
 23    -13     -0.03785       0.01784
 23    -12      0.00846       0.01783
 23    -11      0.01628       0.01795
 23    -10      0.00767       0.01809
 23     -9      0.00403       0.01840
 23     -8     -0.01244       0.01870
 23     -7      0.01251       0.01922
 23     -6     -0.00423       0.01976
 23     -5     -0.00654       0.02031
 23     -4     -0.02269       0.02043
 23     -3     -0.01867       0.02064
 23     -2      0.01161       0.02049
 23     -1     -0.01967       0.01926
 23      0     -0.04010       0.02039
 23      1      0.00413       0.02152
 23      2      0.00460       0.02036
 23      3      0.01312       0.02054
 23      4     -0.01901       0.02067
 23      5     -0.01867       0.02013
 23      6      0.00602       0.01972
 23      7      0.01948       0.01933
 23      8      0.01758       0.01880
 23      9     -0.05175       0.01831
 23     10     -0.00735       0.01826
 23     11      0.03794       0.01783
 23     12     -0.00656       0.01782
 23     13      0.00183       0.01792
 23     14      0.03041       0.01767
 23     15     -0.00281       0.01762
 23     16      0.02485       0.01730
 23     17     -0.04239       0.01724
 23     18      0.00768       0.01767
 23     19      0.00197       0.01747
 23     20      0.01732       0.01764
 23     21     -0.01021       0.01763
 23     22     -0.01129       0.01735
 23     23     -0.06037       0.01762
 24    -24      0.05865       0.01686
 24    -23     -0.00535       0.01651
 24    -22      0.03265       0.01661
 24    -21      0.01690       0.01677
 24    -20     -0.01446       0.01662
 24    -19     -0.01195       0.01649
 24    -18      0.00481       0.01622
 24    -17      0.03676       0.01638
 24    -16      0.02860       0.01660
 24    -15     -0.02685       0.01661
 24    -14     -0.04136       0.01681
 24    -13      0.00748       0.01685
 24    -12      0.03748       0.01677
 24    -11     -0.01266       0.01713
 24    -10     -0.04524       0.01722
 24     -9      0.03707       0.01741
 24     -8      0.02419       0.01788
 24     -7      0.00363       0.01825
 24     -6     -0.00199       0.01876
 24     -5      0.03699       0.01927
 24     -4      0.03812       0.01931
 24     -3     -0.01252       0.01944
 24     -2      0.01087       0.01931
 24     -1     -0.05275       0.01815
 24      0      0.00104       0.01920
 24      1      0.01102       0.02026
 24      2     -0.00105       0.01921
 24      3      0.00203       0.01925
 24      4      0.00102       0.01950
 24      5      0.00307       0.01899
 24      6      0.00818       0.01875
 24      7     -0.01736       0.01838
 24      8     -0.01039       0.01788
 24      9     -0.02165       0.01746
 24     10      0.02619       0.01719
 24     11      0.02322       0.01692
 24     12      0.00419       0.01686
 24     13      0.00318       0.01684
 24     14     -0.01276       0.01684
 24     15     -0.01422       0.01660
 24     16     -0.02743       0.01643
 24     17     -0.01350       0.01632
 24     18     -0.00271       0.01640
 24     19      0.00811       0.01651
 24     20      0.01012       0.01635
 24     21      0.01921       0.01682
 24     22     -0.02441       0.01668
 24     23      0.00658       0.01631
 24     24     -0.00895       0.01663
 25    -25      0.01179       0.01585
 25    -24     -0.00481       0.01553
 25    -23      0.00997       0.01576
 25    -22      0.01163       0.01588
 25    -21      0.00899       0.01561
 25    -20      0.00184       0.01562
 25    -19     -0.04181       0.01540
 25    -18      0.00103       0.01539
 25    -17     -0.03166       0.01556
 25    -16      0.00934       0.01570
 25    -15      0.03260       0.01580
 25    -14     -0.00108       0.01590
 25    -13     -0.02109       0.01582
 25    -12      0.03229       0.01598
 25    -11      0.01271       0.01624
 25    -10     -0.00076       0.01627
 25     -9     -0.04911       0.01663
 25     -8     -0.00317       0.01699
 25     -7      0.03385       0.01737
 25     -6     -0.04550       0.01785
 25     -5     -0.05135       0.01823
 25     -4     -0.01978       0.01821
 25     -3     -0.02231       0.01833
 25     -2     -0.00167       0.01828
 25     -1     -0.01554       0.01715
 25      0      0.01362       0.01813
 25      1     -0.02721       0.01907
 25      2      0.01671       0.01813
 25      3     -0.00932       0.01812
 25      4     -0.00736       0.01843
 25      5     -0.00155       0.01807
 25      6     -0.01000       0.01774
 25      7     -0.02039       0.01751
 25      8     -0.00885       0.01707
 25      9      0.03138       0.01665
 25     10     -0.00103       0.01636
 25     11      0.01734       0.01612
 25     12      0.00610       0.01601
 25     13     -0.03035       0.01594
 25     14     -0.00693       0.01596
 25     15      0.01103       0.01589
 25     16     -0.03326       0.01561
 25     17      0.00970       0.01563
 25     18      0.00135       0.01550
 25     19      0.02002       0.01554
 25     20      0.01499       0.01567
 25     21      0.01572       0.01564
 25     22      0.00733       0.01595
 25     23     -0.01503       0.01573
 25     24     -0.00267       0.01561
 25     25      0.03182       0.01591
 26    -26     -0.00705       0.01518
 26    -25      0.00976       0.01475
 26    -24      0.02007       0.01502
 26    -23      0.01704       0.01513
 26    -22      0.02916       0.01483
 26    -21     -0.01958       0.01489
 26    -20     -0.01342       0.01473
 26    -19      0.00461       0.01458
 26    -18     -0.02775       0.01469
 26    -17     -0.00653       0.01484
 26    -16     -0.02216       0.01501
 26    -15      0.01223       0.01507
 26    -14      0.00136       0.01504
 26    -13     -0.01091       0.01507
 26    -12     -0.01241       0.01520
 26    -11      0.00824       0.01545
 26    -10     -0.02988       0.01549
 26     -9     -0.00813       0.01589
 26     -8     -0.02226       0.01621
 26     -7     -0.00895       0.01650
 26     -6      0.00385       0.01695
 26     -5      0.00636       0.01730
 26     -4     -0.01473       0.01715
 26     -3      0.01183       0.01735
 26     -2     -0.00017       0.01724
 26     -1      0.02925       0.01626
 26      0     -0.00856       0.01713
 26      1     -0.01413       0.01803
 26      2      0.01807       0.01715
 26      3      0.02417       0.01715
 26      4      0.00763       0.01741
 26      5      0.01395       0.01720
 26      6     -0.03845       0.01686
 26      7      0.01059       0.01672
 26      8     -0.00634       0.01630
 26      9     -0.03466       0.01588
 26     10      0.01866       0.01565
 26     11     -0.01023       0.01525
 26     12      0.01092       0.01530
 26     13     -0.00514       0.01509
 26     14      0.01819       0.01506
 26     15      0.00279       0.01509
 26     16     -0.00374       0.01490
 26     17     -0.02872       0.01476
 26     18      0.00358       0.01481
 26     19      0.00625       0.01468
 26     20      0.00025       0.01468
 26     21      0.05010       0.01483
 26     22      0.01430       0.01484
 26     23      0.03470       0.01508
 26     24     -0.03058       0.01483
 26     25      0.02624       0.01484
 26     26      0.03153       0.01497
 27    -27     -0.02278       0.01429
 27    -26     -0.03242       0.01421
 27    -25     -0.01827       0.01417
 27    -24     -0.02220       0.01439
 27    -23      0.01682       0.01402
 27    -22     -0.00802       0.01409
 27    -21      0.00574       0.01397
 27    -20      0.02943       0.01392
 27    -19     -0.01800       0.01397
 27    -18      0.00262       0.01401
 27    -17      0.03866       0.01413
 27    -16     -0.00287       0.01434
 27    -15     -0.01722       0.01426
 27    -14      0.01986       0.01429
 27    -13      0.02300       0.01437
 27    -12     -0.01091       0.01452
 27    -11     -0.04001       0.01472
 27    -10      0.01395       0.01481
 27     -9      0.00975       0.01523
 27     -8     -0.00236       0.01549
 27     -7     -0.03359       0.01570
 27     -6      0.01025       0.01618
 27     -5      0.00918       0.01640
 27     -4      0.00385       0.01623
 27     -3     -0.00790       0.01645
 27     -2     -0.01474       0.01631
 27     -1     -0.01641       0.01544
 27      0      0.03400       0.01621
 27      1     -0.00340       0.01705
 27      2      0.01814       0.01625
 27      3      0.00340       0.01625
 27      4      0.01634       0.01647
 27      5     -0.00350       0.01632
 27      6     -0.00346       0.01607
 27      7     -0.00338       0.01589
 27      8      0.00326       0.01559
 27      9     -0.00467       0.01513
 27     10     -0.00058       0.01494
 27     11      0.01023       0.01456
 27     12      0.00676       0.01448
 27     13      0.03292       0.01443
 27     14      0.01678       0.01425
 27     15      0.00494       0.01433
 27     16      0.02006       0.01421
 27     17     -0.01093       0.01415
 27     18     -0.00387       0.01404
 27     19     -0.00558       0.01399
 27     20      0.02839       0.01386
 27     21      0.00434       0.01403
 27     22     -0.01060       0.01416
 27     23      0.02769       0.01420
 27     24     -0.03621       0.01434
 27     25     -0.01484       0.01418
 27     26     -0.00462       0.01396
 27     27      0.01099       0.01439
 28    -28     -0.00821       0.01369
 28    -27     -0.01124       0.01323
 28    -26      0.00205       0.01355
 28    -25      0.00859       0.01368
 28    -24      0.00238       0.01347
 28    -23      0.00797       0.01342
 28    -22      0.01854       0.01336
 28    -21      0.03334       0.01323
 28    -20      0.00185       0.01333
 28    -19     -0.00564       0.01331
 28    -18     -0.01437       0.01341
 28    -17      0.01238       0.01355
 28    -16      0.01139       0.01360
 28    -15     -0.02298       0.01357
 28    -14     -0.01365       0.01364
 28    -13      0.02411       0.01372
 28    -12     -0.00602       0.01384
 28    -11     -0.01407       0.01405
 28    -10     -0.05076       0.01419
 28     -9      0.00372       0.01456
 28     -8      0.02303       0.01476
 28     -7     -0.00965       0.01498
 28     -6     -0.01045       0.01543
 28     -5      0.01489       0.01551
 28     -4      0.01745       0.01541
 28     -3     -0.02847       0.01557
 28     -2     -0.00184       0.01551
 28     -1     -0.01510       0.01461
 28      0     -0.01715       0.01542
 28      1     -0.00796       0.01613
 28      2     -0.02947       0.01546
 28      3     -0.00891       0.01539
 28      4      0.04998       0.01569
 28      5      0.01998       0.01547
 28      6     -0.02129       0.01539
 28      7      0.01275       0.01513
 28      8     -0.00481       0.01490
 28      9      0.00226       0.01455
 28     10      0.00122       0.01426
 28     11      0.00089       0.01395
 28     12      0.04253       0.01381
 28     13      0.00336       0.01374
 28     14     -0.02259       0.01363
 28     15      0.00076       0.01354
 28     16      0.01549       0.01358
 28     17      0.01027       0.01351
 28     18     -0.00938       0.01339
 28     19      0.01849       0.01331
 28     20     -0.00819       0.01323
 28     21      0.03495       0.01322
 28     22     -0.01699       0.01335
 28     23      0.00577       0.01347
 28     24      0.00456       0.01340
 28     25      0.00282       0.01367
 28     26      0.00029       0.01342
 28     27      0.01299       0.01362
 28     28     -0.00786       0.01363
 29    -29      0.02031       0.01302
 29    -28      0.00284       0.01282
 29    -27     -0.02723       0.01281
 29    -26      0.00058       0.01302
 29    -25      0.01713       0.01276
 29    -24     -0.02866       0.01287
 29    -23      0.01466       0.01275
 29    -22      0.01066       0.01255
 29    -21     -0.01699       0.01270
 29    -20      0.00317       0.01273
 29    -19      0.02129       0.01271
 29    -18     -0.00287       0.01286
 29    -17     -0.02240       0.01293
 29    -16     -0.00198       0.01295
 29    -15     -0.02298       0.01290
 29    -14      0.01756       0.01301
 29    -13     -0.02289       0.01311
 29    -12     -0.02965       0.01326
 29    -11     -0.00544       0.01348
 29    -10      0.01212       0.01360
 29     -9      0.01920       0.01396
 29     -8     -0.02466       0.01405
 29     -7     -0.01422       0.01438
 29     -6     -0.00340       0.01468
 29     -5      0.01148       0.01479
 29     -4     -0.00702       0.01464
 29     -3      0.01282       0.01478
 29     -2     -0.00250       0.01475
 29     -1     -0.02325       0.01384
 29      0      0.00966       0.01466
 29      1      0.00099       0.01535
 29      2     -0.02111       0.01469
 29      3     -0.02897       0.01465
 29      4     -0.00115       0.01490
 29      5      0.00394       0.01468
 29      6      0.03162       0.01464
 29      7      0.00145       0.01450
 29      8     -0.01416       0.01419
 29      9      0.00354       0.01397
 29     10     -0.03705       0.01367
 29     11      0.03018       0.01331
 29     12     -0.00081       0.01319
 29     13      0.00621       0.01309
 29     14     -0.00123       0.01303
 29     15     -0.01258       0.01298
 29     16      0.02034       0.01286
 29     17      0.00584       0.01293
 29     18      0.00627       0.01281
 29     19     -0.00168       0.01274
 29     20     -0.00196       0.01260
 29     21      0.02962       0.01257
 29     22      0.01160       0.01267
 29     23     -0.01670       0.01275
 29     24     -0.00224       0.01277
 29     25     -0.00815       0.01288
 29     26     -0.03242       0.01305
 29     27      0.01760       0.01289
 29     28     -0.02296       0.01281
 29     29     -0.01913       0.01303
 30    -30      0.02416       0.01237
 30    -29      0.00935       0.01227
 30    -28     -0.00275       0.01231
 30    -27      0.00645       0.01245
 30    -26     -0.02139       0.01227
 30    -25      0.01946       0.01218
 30    -24      0.02987       0.01222
 30    -23      0.00290       0.01204
 30    -22      0.01552       0.01204
 30    -21     -0.00971       0.01210
 30    -20     -0.01071       0.01215
 30    -19     -0.00681       0.01220
 30    -18      0.00850       0.01234
 30    -17     -0.00609       0.01231
 30    -16      0.01595       0.01234
 30    -15      0.00255       0.01235
 30    -14      0.00367       0.01245
 30    -13     -0.01154       0.01253
 30    -12      0.01630       0.01271
 30    -11      0.02491       0.01286
 30    -10      0.00122       0.01308
 30     -9     -0.02475       0.01332
 30     -8     -0.01243       0.01346
 30     -7      0.02439       0.01378
 30     -6     -0.00220       0.01395
 30     -5     -0.00306       0.01410
 30     -4     -0.00146       0.01391
 30     -3     -0.00326       0.01411
 30     -2     -0.02750       0.01401
 30     -1      0.01743       0.01324
 30      0      0.03448       0.01393
 30      1      0.00885       0.01460
 30      2      0.02776       0.01394
 30      3      0.00840       0.01395
 30      4     -0.01159       0.01416
 30      5      0.00159       0.01399
 30      6      0.03388       0.01396
 30      7     -0.01992       0.01388
 30      8      0.00080       0.01359
 30      9      0.00637       0.01335
 30     10      0.03687       0.01319
 30     11     -0.00421       0.01278
 30     12     -0.02243       0.01264
 30     13      0.01955       0.01254
 30     14      0.01250       0.01244
 30     15      0.00705       0.01240
 30     16     -0.02282       0.01229
 30     17     -0.01235       0.01231
 30     18     -0.00575       0.01228
 30     19      0.01501       0.01220
 30     20      0.03305       0.01208
 30     21     -0.02004       0.01203
 30     22     -0.00826       0.01206
 30     23     -0.01183       0.01206
 30     24     -0.00229       0.01216
 30     25     -0.03745       0.01230
 30     26      0.01827       0.01222
 30     27      0.02859       0.01244
 30     28      0.00086       0.01222
 30     29      0.00911       0.01224
 30     30     -0.00589       0.01251
